1.263939917785131911e+04
7.497354135144243628e+03
5.952555099580164097e+03
5.009124815550747371e+03
4.308357555937800498e+03
3.736932799403247827e+03
3.242429110544299874e+03
2.794746941140068884e+03
2.372108840281383891e+03
1.954059559435702567e+03
1.512521742252273043e+03
9.837963448217719815e+02
1.391322602026885761e+04
7.452064936326363750e+03
5.727113789071284373e+03
4.765157858205630873e+03
4.080382025607651030e+03
3.532396371375537001e+03
3.061955149396878824e+03
2.636960664309511685e+03
2.235214509975115106e+03
1.836693124100001569e+03
1.414248455933927971e+03
9.090847270564786413e+02
1.458478291682694362e+04
7.500363804803835592e+03
5.614675651577603276e+03
4.604276668697756577e+03
3.910241175240195389e+03
3.368285460080586290e+03
2.910096384439318172e+03
2.499856488660272134e+03
2.114096671154258729e+03
1.732452973003888019e+03
1.329145488771187502e+03
8.506646668328039596e+02
1.489581803975027287e+04
7.509147537219500009e+03
5.527644083148310528e+03
4.480062734291444031e+03
3.774570019171174863e+03
3.233592508217380782e+03
2.782880967890513148e+03
2.383414502438886302e+03
2.010641475650422763e+03
1.643858431570464518e+03
1.258499512677908797e+03
8.041455012598223675e+02
1.497292786130862078e+04
7.461337095354766461e+03
5.434661212626489942e+03
4.367470531416113772e+03
3.656187809090535666e+03
3.117193864614622726e+03
2.672975410313650627e+03
2.282942943011431908e+03
1.921636380255907852e+03
1.568394398591218760e+03
1.199223203036367522e+03
7.659352553378499806e+02
1.488360328867671888e+04
7.360658067605436372e+03
5.325330634842895961e+03
4.254912416784021843e+03
3.545153606683290491e+03
3.011285713798199595e+03
2.574624057660459584e+03
2.194038009843465261e+03
1.843725126427420037e+03
1.503056225763575640e+03
1.148528091608157638e+03
7.335174960862864282e+02
1.466777486036021401e+04
7.214312680621948857e+03
5.197515780794559760e+03
4.137316877432428555e+03
3.436239278107284463e+03
2.911148832537977796e+03
2.483856177028751972e+03
2.113372981079724013e+03
1.773982274287836162e+03
1.445342605004114603e+03
1.104302591321769341e+03
7.054757510330298373e+02
1.435285065400874737e+04
7.029879617168480763e+03
5.052634875706517960e+03
4.013375962706798418e+03
3.326911197396352691e+03
2.813957485386729786e+03
2.397878711809103152e+03
2.038405055612689466e+03
1.710273265297827038e+03
1.393413167348110846e+03
1.065087339280722290e+03
6.809842414494654577e+02
1.395990395004195489e+04
6.816133574579505876e+03
4.894619525273133149e+03
3.884059041817709840e+03
3.216348455913917405e+03
2.718036256638469695e+03
2.314833672667628889e+03
1.967375428314898500e+03
1.651065166557547627e+03
1.346025921675173322e+03
1.030104315672131634e+03
6.596598595645231171e+02
1.351279183751625897e+04
6.586519555606078029e+03
4.729060495111782984e+03
3.749515728634582956e+03
3.102972935750073248e+03
2.621612623272960263e+03
2.232864199555550840e+03
1.898701940340585907e+03
1.594970808582539348e+03
1.302473351258329330e+03
9.992168818003038950e+02
6.420071309065290279e+02
1.309106258146877190e+04
6.352142864338165964e+03
4.542255002937422432e+03
3.599043044693908541e+03
2.979860364054601632e+03
2.519644868326886808e+03
2.148405034550004075e+03
1.829571416037816107e+03
1.540063296439237547e+03
1.261496035890199892e+03
9.725874154176234470e+02
6.304232892518487006e+02
1.275828442050967169e+04
6.199814831556697754e+03
4.458868473116992391e+03
3.542310686390368119e+03
2.935804973035719740e+03
2.482497958771337835e+03
2.115847090516042499e+03
1.800073396339901819e+03
1.512962354802863956e+03
1.236268449757749067e+03
9.486440505770709706e+02
6.082201298666890352e+02
1.242964289033270325e+04
6.026769973649916210e+03
4.330249446881066433e+03
3.435966628805334949e+03
2.843315202039763790e+03
2.399798939459064059e+03
2.040261235203972774e+03
1.730323216912491034e+03
1.448234005841622547e+03
1.176564089886052670e+03
8.959153343610779530e+02
5.698922291404488760e+02
1.210527686696883029e+04
5.856284961683087204e+03
4.202417833559126848e+03
3.330130568426236550e+03
2.751613719611417764e+03
2.318602765366365020e+03
1.967462255013234426e+03
1.664854880445263461e+03
1.389833777662691546e+03
1.126174478344275258e+03
8.558290148473643058e+02
5.441041436723545530e+02
1.178041032334485863e+04
5.689551620986981106e+03
4.076742168270051934e+03
3.226609033494008145e+03
2.662913633142076378e+03
2.240681706239832693e+03
1.898655691442874968e+03
1.604198338956769476e+03
1.337438600420733792e+03
1.082528126981448850e+03
8.222096597449594810e+02
5.227362503906723532e+02
1.145549584597319517e+04
5.521383446065943644e+03
3.952314405768391680e+03
3.124909872084164363e+03
2.576226788630427563e+03
2.165532943790801710e+03
1.833102312515895619e+03
1.547434946779661459e+03
1.289108828066036722e+03
1.042816397362363659e+03
7.917901261547758622e+02
5.033797874162731887e+02
1.112210882530475101e+04
5.352413324058462422e+03
3.828138440721559164e+03
3.024006284682227488e+03
2.491012980486817924e+03
2.092342585614848758e+03
1.769838653245642945e+03
1.493111968373865238e+03
1.243206882035791750e+03
1.005294145042115247e+03
7.631260582810721189e+02
4.850668901488058395e+02
1.078293554397976004e+04
5.182590277723967120e+03
3.703601203923998128e+03
2.923700763726024888e+03
2.406722706603640745e+03
2.020305423363338150e+03
1.707988683635808457e+03
1.440208225903187440e+03
1.198664481668359713e+03
9.690313477490110472e+02
7.353961810569771842e+02
4.673573120010894399e+02
1.043932041847448090e+04
5.010482072416517440e+03
3.578487963393863083e+03
2.823318063759212691e+03
2.322852593056585647e+03
1.948970448330979480e+03
1.646918675603203155e+03
1.388207932965385226e+03
1.154951446094685480e+03
9.333901578196889659e+02
7.081867661757883070e+02
4.500021051357009014e+02
1.008950456840125662e+04
4.836470643814856885e+03
3.452370134474169845e+03
2.722443361616202765e+03
2.238910005208572329e+03
1.877671535164499574e+03
1.586069396695188289e+03
1.336382369967667273e+03
1.111475839611344782e+03
8.979793162866975536e+02
6.811499730387089357e+02
4.327176549882103700e+02
9.735561803773338397e+03
4.660618275412045477e+03
3.325114810537902940e+03
2.620947846791424581e+03
2.154552039015177797e+03
1.806186698327615204e+03
1.525113152859343245e+03
1.284543645534854249e+03
1.068030468657247866e+03
8.626178138942394753e+02
6.541316593623881772e+02
4.154548198561187178e+02
9.373588994726940655e+03
4.482041249823516409e+03
3.196242227055141939e+03
2.518318168219900144e+03
2.069328788847341457e+03
1.734127907794029625e+03
1.463692166867602964e+03
1.232409063060375274e+03
1.024316649655522497e+03
8.270123105834198896e+02
6.269559117325544548e+02
3.980946205306381671e+02
9.007063518311795633e+03
4.300982502832986938e+03
3.065595042513592944e+03
2.414432492795290273e+03
1.983218024601884736e+03
1.661322040620547341e+03
1.401686211180734290e+03
1.179718306770881782e+03
9.801810670307992268e+02
7.910972966075916020e+02
5.994976064504919577e+02
3.805417186234681139e+02
8.634201622790478723e+03
4.117121737311845209e+03
2.933311241678201895e+03
2.309209738898714022e+03
1.895956109648616348e+03
1.587490095697617562e+03
1.338913048734043969e+03
1.126397500084102148e+03
9.354803524229135974e+02
7.547321678190933198e+02
5.716919314229686506e+02
3.627630872316248656e+02
8.253473702713576131e+03
3.930187949855663646e+03
2.798727310948763716e+03
2.202249705003051531e+03
1.807341301618496345e+03
1.512641399392876110e+03
1.275123549241194951e+03
1.072237546401997179e+03
8.900582279349972623e+02
7.177219915463552979e+02
5.434105547406517189e+02
3.446724727772837582e+02
7.865321093157966970e+03
3.740169736573654518e+03
2.661910910234072162e+03
2.093541384712949366e+03
1.717140241634841914e+03
1.436422498151455329e+03
1.210163870254739777e+03
1.017055645857584864e+03
8.437363442753539857e+02
6.799790501972944412e+02
5.145436554645292517e+02
3.261847725429561820e+02
7.470817380247091933e+03
3.546292546537356429e+03
2.522382359768360402e+03
1.982679055185756170e+03
1.625213058378227515e+03
1.358589440428253283e+03
1.143848623449521938e+03
9.606049763976874374e+02
7.963337724895783367e+02
6.412922348102739534e+02
4.849086491079827965e+02
3.071990087520884458e+02
7.066567135255714675e+03
3.348539286157298648e+03
2.380267648587933763e+03
1.869448325869150722e+03
1.531204674143059492e+03
1.278913674630690139e+03
1.075821751733024939e+03
9.026631532922917813e+02
7.476044521132479304e+02
6.014645408892390606e+02
4.543336530035597320e+02
2.875581101188812454e+02
6.653576536604206012e+03
3.146948684870790657e+03
2.234684962513395476e+03
1.753467313120932886e+03
1.434644933065608029e+03
1.196978354791335960e+03
1.005690504476476235e+03
8.427932404891465694e+02
6.970753489750568406e+02
5.600865866559738606e+02
4.225121639116667325e+02
2.670890424938635306e+02
6.228432586728889873e+03
2.939597546694437369e+03
2.085081050295718342e+03
1.633805110295097393e+03
1.334873368435888324e+03
1.111938481890951380e+03
9.326936654908752189e+02
7.802077270372674320e+02
6.441280804688860826e+02
5.165327452205983718e+02
3.889055104666616103e+02
2.453960749760535975e+02
5.790464741888071330e+03
2.725590245658062486e+03
1.930078795749130904e+03
1.509398802144369711e+03
1.230628531352119126e+03
1.022673571907931887e+03
8.556702113586834457e+02
7.138366067597319216e+02
5.876833541540098622e+02
4.698777323019647270e+02
3.527571743719539654e+02
2.219607107391105387e+02
5.334699693533311802e+03
2.503175560926429625e+03
1.767887936138778741e+03
1.378263386150451652e+03
1.119823929430460112e+03
9.270493640651889109e+02
7.724245813378785215e+02
6.415770967654541437e+02
5.257290842542253131e+02
4.183936338613278849e+02
3.126497673205830097e+02
1.958853883490239980e+02
4.854538229417777984e+03
2.267325468687037301e+03
1.593813575342289596e+03
1.235891809989496551e+03
9.979249219961425297e+02
8.206602366543910421e+02
6.787462048758665105e+02
5.594340607813082897e+02
4.548201656924029521e+02
3.591331998992966987e+02
2.663460169261556416e+02
1.657319976599634970e+02
4.333745024539914084e+03
2.008116987851498607e+03
1.399057358252628546e+03
1.073036149331238676e+03
8.558758714396492451e+02
6.943772243543683089e+02
5.663576334389664453e+02
4.602398250759885627e+02
3.690255965563762288e+02
2.875958921947994895e+02
2.107668581326964556e+02
1.298123403748212468e+02
3.734537583304586860e+03
1.700381459058500923e+03
1.157949318370018091e+03
8.644904180920435692e+02
6.698478578397432557e+02
5.279900654685924337e+02
4.190439318379809492e+02
3.322897757635676044e+02
2.608320148516299923e+02
1.996464342017272315e+02
1.441563198357250144e+02
8.775086267409589880e+01
2.914489436409412065e+03
1.240127468872399504e+03
7.738893113231697498e+02
5.317721853427729002e+02
3.855706166397051220e+02
2.895787238611604835e+02
2.222508117890519372e+02
1.722701423681755273e+02
1.331863657458177670e+02
1.008964487316432894e+02
7.234697127703039143e+01
4.393108094954470033e+01
