1.225495109355281966e+04
7.251315142944914442e+03
5.750367669106321955e+03
4.834130477883400090e+03
4.154118151655125985e+03
3.600140190538590105e+03
3.121400684905688649e+03
2.688680044108279617e+03
2.280720418819241331e+03
1.877856307975655227e+03
1.452858556259635407e+03
9.446606077389617440e+02
1.348872129932402822e+04
7.205285174323612409e+03
5.530787217641603092e+03
4.597269193010518393e+03
3.933135604927991608e+03
3.402197228419062412e+03
2.947030421837014273e+03
2.536313198829094745e+03
2.148703617713770200e+03
1.764702206594963172e+03
1.358284079753107790e+03
8.727932912854281540e+02
1.413220956429505532e+04
7.248174016875679627e+03
5.419572043887329528e+03
4.440035125745735058e+03
3.767495175458796439e+03
3.242798696327482503e+03
2.799785735009651489e+03
2.403639154048154069e+03
2.031591058885023585e+03
1.664052189592139257e+03
1.276184843015356364e+03
8.165394911925178576e+02
1.442304997815143543e+04
7.251895427790876965e+03
5.332309496771433260e+03
4.317646850472795450e+03
3.634689903969320767e+03
3.111473052430264488e+03
2.676034133916363317e+03
2.290569544833536384e+03
1.931362070600301422e+03
1.578356219273875013e+03
1.207900875463756620e+03
7.715782232441625865e+02
1.448477071690589764e+04
7.199982354253492304e+03
5.238596087598708436e+03
4.206186981329744413e+03
3.518323605080490324e+03
2.997616078048720283e+03
2.568810154647951094e+03
2.192811834224460199e+03
1.844922987220398909e+03
1.505153138606901393e+03
1.150441603879677814e+03
7.345305602756857297e+02
1.438306155620360187e+04
7.096175450572889531e+03
5.128724047537207298e+03
4.094296901728195735e+03
3.408863062980775794e+03
2.893610861228733484e+03
2.472569853833333127e+03
2.106054964476404621e+03
1.768960642406422039e+03
1.441607797060339635e+03
1.101179144031170154e+03
7.030861791195869728e+02
1.415700105806919237e+04
6.947528931473980265e+03
5.000494969552325529e+03
3.977359481709499050e+03
3.301084558043678044e+03
2.795019559686998036e+03
2.383501735124375045e+03
2.027073897408685525e+03
1.700911160299029689e+03
1.385316195921646568e+03
1.058090428418803867e+03
6.758372052686266898e+02
1.383317062885280939e+04
6.761587626472818556e+03
4.855480133144465071e+03
3.854053022565625270e+03
3.192880751810967013e+03
2.699179991413555854e+03
2.299094300447514797e+03
1.953675131872445490e+03
1.638606670298710469e+03
1.334597950528461979e+03
1.019809585700020534e+03
6.518616664725010423e+02
1.343218936467626190e+04
6.546750803574647762e+03
4.697523604565178175e+03
3.725394823772887776e+03
3.083485185660859770e+03
2.604695846945106041e+03
2.217469853988026898e+03
1.884011039856340403e+03
1.580561813906267844e+03
1.288252510841794674e+03
9.855989936692650417e+02
6.309970605914411408e+02
1.297678442273000655e+04
6.315952934581652698e+03
4.532172814067597756e+03
3.592017032632010796e+03
2.971689139632419483e+03
2.509871489787467453e+03
2.137080880460907338e+03
1.816713107000543914e+03
1.525661090363398671e+03
1.245514751218500578e+03
9.553265506203453015e+02
6.136333186974198952e+02
1.254030440775295028e+04
6.080880607816357042e+03
4.348183783684268747e+03
3.444732820161424115e+03
2.851347700170732878e+03
2.410361757769652741e+03
2.054627301624237589e+03
1.749215258481566707e+03
1.472032861657508192e+03
1.205436582202929685e+03
9.291747173240433995e+02
6.021301734698270138e+02
1.221917979476823712e+04
5.934315397525208937e+03
4.266811810378291739e+03
3.388831390693857884e+03
2.807818251209403570e+03
2.373645457082091070e+03
2.022524947221777211e+03
1.720212033867078617e+03
1.445472407757300743e+03
1.180840229921916944e+03
9.058791417168372391e+02
5.807008106116896897e+02
1.189119734423874252e+04
5.762435236138956498e+03
4.139301961918849884e+03
3.283621764150694162e+03
2.716559759345638668e+03
2.292283151433942294e+03
1.948369408899402970e+03
1.651985263196492042e+03
1.382339587686347386e+03
1.122720838498490593e+03
8.547463173753940282e+02
5.435675401871467329e+02
1.156920861025367412e+04
5.594037711900413342e+03
4.013170197728481526e+03
3.179444343801299510e+03
2.626482934396583914e+03
2.212611445854857720e+03
1.877043849443842419e+03
1.587951240354906304e+03
1.325326878422622485e+03
1.073615283853299161e+03
8.157293603812480569e+02
5.185000387848418768e+02
1.124772377560300447e+04
5.429567821695269231e+03
3.889537147545008338e+03
3.077685077350501615e+03
2.539353346305114428e+03
2.136194722454219118e+03
1.809685159892496586e+03
1.528661222842470806e+03
1.274124993512648416e+03
1.031018445961298767e+03
7.828910299734648106e+02
4.975682594566318357e+02
1.092646347744290688e+04
5.264165697865208131e+03
3.767241605402126424e+03
2.977861309161799909e+03
2.454370382928757408e+03
2.062578705202133278e+03
1.745513217308930280e+03
1.473147577516083629e+03
1.226868171265085493e+03
9.922279351881417142e+02
7.531494163210916213e+02
4.787005009328886445e+02
1.059786521391359383e+04
5.098179628888977277e+03
3.645366077142508857e+03
2.878918707287529287e+03
2.370887170899355624e+03
1.990897533947314287e+03
1.683640975953323732e+03
1.419989064811981734e+03
1.181989534210593092e+03
9.555621752764565144e+02
7.251747575968724959e+02
4.608188360118952573e+02
1.026418495601065297e+04
4.931555045030410838e+03
3.523281426519068191e+03
2.780614885339082321e+03
2.288347810784044668e+03
1.920423080642877721e+03
1.623135887216136098e+03
1.368283292300044195e+03
1.138491998010228826e+03
9.200802649015232646e+02
6.980871587124058806e+02
4.435655373977199361e+02
9.926360889299035989e+03
4.762991231784354568e+03
3.400793221097304922e+03
2.682431888392742621e+03
2.206327465535148349e+03
1.850688687998173918e+03
1.563402150756599667e+03
1.317416936893518368e+03
1.095789975935706707e+03
8.853065014260544103e+02
6.715089789020794342e+02
4.266008306436530120e+02
9.582944930770256178e+03
4.592630532387558560e+03
3.277440056301289133e+03
2.583781137031202888e+03
2.124245147751998502e+03
1.781028076887601401e+03
1.503957858179037203e+03
1.266864741865624865e+03
1.053372565520433909e+03
8.507576931401888487e+02
6.451324967844053617e+02
4.097652995503013926e+02
9.235629883904990493e+03
4.420687263273475764e+03
3.153071595173543756e+03
2.484647923184475076e+03
2.041868231835482447e+03
1.711212992928778249e+03
1.444502211463269759e+03
1.216306590292510236e+03
1.010947045246956009e+03
8.162888562721487915e+02
6.187981145451354905e+02
3.929259248185271076e+02
8.881000751726307499e+03
4.246226606289117626e+03
3.027207533592638811e+03
2.384436314537939779e+03
1.958739363535900566e+03
1.640922201052157561e+03
1.384595015519825665e+03
1.165454804441920487e+03
9.683638398334580870e+02
7.816025903512256718e+02
5.923622092386981421e+02
3.760391931952191840e+02
8.521999578830864266e+03
4.069417760600428664e+03
2.899757149194618250e+03
2.283132533493351275e+03
1.874757927718607334e+03
1.569946077272242746e+03
1.324188575573549542e+03
1.114161131317396894e+03
9.253903506768065199e+02
7.466312409541260422e+02
5.656594068619074278e+02
3.589691862450580970e+02
8.157101882580214806e+03
3.890125502016203427e+03
2.770768881704253999e+03
2.180598923543970159e+03
1.789753025831821105e+03
1.498095769151748073e+03
1.263085467129737026e+03
1.062266371073247228e+03
8.819099010487893793e+02
7.112968490276600733e+02
5.386203406453014395e+02
3.416801719221833764e+02
7.784908444584746576e+03
3.707917667297195749e+03
2.639688255903449772e+03
2.076406934365027610e+03
1.703492121074917804e+03
1.425271924208557493e+03
1.201037768449259602e+03
1.009626586496627851e+03
8.377609125602861013e+02
6.753310011145669023e+02
5.111824329294842642e+02
3.241184415528894647e+02
7.405771135212510671e+03
3.522822626213932836e+03
2.506522816962262368e+03
1.970660948536510887e+03
1.615818165283312055e+03
1.351144602253935318e+03
1.137940745089198344e+03
9.560141336167648660e+02
7.928538695597131891e+02
6.387364568478974434e+02
4.831929313791269465e+02
3.062253029024678881e+02
7.020639672173006147e+03
3.334203926608734037e+03
2.370847870649199194e+03
1.862935011362001433e+03
1.526514252230569127e+03
1.275588111459743459e+03
1.073595861363643508e+03
9.012994051424354893e+02
7.468967548813205894e+02
6.012871353187287013e+02
4.545245523913162629e+02
2.878593251894880609e+02
6.626441780075318093e+03
3.141990918152545873e+03
2.232792288904411635e+03
1.753026136628298445e+03
1.435300405559372166e+03
1.198400949771291607e+03
1.007717773204336254e+03
8.451999727411528056e+02
6.997484806798311183e+02
5.628003066159405989e+02
4.249868826505571064e+02
2.689137021433214727e+02
6.224177511753567160e+03
2.946163979717202437e+03
2.091560026803052551e+03
1.640576941979774574e+03
1.341786730815602368e+03
1.119078682154059607e+03
9.399073306094060172e+02
7.873718731041343517e+02
6.510235023301913770e+02
5.228971438642249723e+02
3.943425555905513988e+02
2.492011994316892469e+02
5.810721638074178372e+03
2.745119572081423939e+03
1.946633867222941717e+03
1.524772613937438337e+03
1.245345465026997999e+03
1.036983465797878580e+03
8.695227650387707854e+02
7.270878811714252379e+02
6.000819409203128316e+02
4.810781362753695589e+02
3.620991423815252688e+02
2.284144179789806515e+02
5.385476555760397787e+03
2.537976636489205248e+03
1.796803824752461196e+03
1.404711563539330655e+03
1.144849144790167202e+03
9.510886606453638024e+02
7.955088617140805809e+02
6.634348587815971996e+02
5.460097718085869474e+02
4.364286079202591395e+02
3.275746951788554497e+02
2.060718071320201830e+02
4.944092179889305044e+03
2.323191595558075278e+03
1.640485145018243202e+03
1.278544084206303069e+03
1.038476097819990400e+03
8.594557340900634017e+02
7.159086553408180862e+02
5.944799226894790536e+02
4.870232702740940454e+02
3.874907128335168522e+02
2.895133516029487168e+02
1.813655008720040769e+02
4.480715590383631024e+03
2.096318248176172347e+03
1.473480577284456103e+03
1.142325328923118150e+03
9.221713169234127463e+02
7.581925921937902331e+02
6.269791588419710706e+02
5.166846787043810991e+02
4.200300390391274163e+02
3.316466113384870482e+02
2.459300211865122492e+02
1.530189647569013403e+02
3.980991703690924624e+03
1.848512623806143893e+03
1.287942541974664437e+03
9.877690149386465919e+02
7.878228448600733600e+02
6.391732704446969819e+02
5.213458746303967928e+02
4.237054580576909188e+02
3.397736144639428062e+02
2.648186751112542083e+02
1.941089712617267082e+02
1.195520227374594100e+02
3.411350843430547229e+03
1.557222285018078992e+03
1.060900107261668154e+03
7.922914441865844992e+02
6.141351867237614215e+02
4.842868438604883750e+02
3.845268357370211447e+02
3.050478227945719141e+02
2.395614471844061484e+02
1.834451412163944610e+02
1.325136071170413459e+02
8.068671080743797575e+01
2.644742163338885803e+03
1.129232876176427681e+03
7.057021731886595717e+02
4.855365356115309510e+02
3.524799111627445427e+02
2.650192581518479642e+02
2.035994919990092171e+02
1.579449139140270404e+02
1.221948591876609811e+02
9.263757350405889213e+01
6.647947335181619621e+01
4.037997984666591123e+01
