1.674440185040084179e+04
9.845563930055137462e+03
7.782343726960707500e+03
6.523956728620157264e+03
5.591998589430367247e+03
4.834993331522218796e+03
4.183259507533002761e+03
3.596461799365667048e+03
3.045628709191988037e+03
2.504036527808345909e+03
1.934971374346215725e+03
1.257013349736625287e+03
1.842110692218178156e+04
9.774074177991853503e+03
7.478088487849211560e+03
6.198607475500998589e+03
5.289990524702993753e+03
4.565601500584149107e+03
3.946691995269843119e+03
3.390516313354127760e+03
2.867814725305606316e+03
2.351976530603955325e+03
1.808203120876444927e+03
1.160876758897902619e+03
1.926972257160693334e+04
9.817762430555900210e+03
7.317437114177923831e+03
5.978635517692113353e+03
5.060825399238688988e+03
4.346612371235520186e+03
3.745444424775060725e+03
3.209900597446061056e+03
2.709023928456825615e+03
2.216031429257235231e+03
1.697647265588052278e+03
1.085116839136633189e+03
1.962562953691530129e+04
9.804286684460728793e+03
7.186889505850032947e+03
5.804113637904759344e+03
4.874719699573597609e+03
4.164332464550932855e+03
3.574883628931717340e+03
3.055025462871247328e+03
2.572107371093898109e+03
2.099469358353218922e+03
1.604933464293280167e+03
1.024361575563725182e+03
1.966047123592830030e+04
9.712148443201889677e+03
7.045636235928649512e+03
5.642929677900813658e+03
4.709682508800969117e+03
4.004690839264244460e+03
3.425758700194166067e+03
2.919915406038109722e+03
2.453238315745205000e+03
1.999188580796158021e+03
1.526518847289219138e+03
9.738045222805393450e+02
1.946494185237943748e+04
9.546916201521056792e+03
6.880650163328264171e+03
5.479888881773187677e+03
4.552884344052989945e+03
3.857528396013095062e+03
3.290968653656447714e+03
2.799061489116205848e+03
2.348172224475087660e+03
1.911434135299167565e+03
1.458801609912336744e+03
9.305936039613704907e+02
1.909363151813435616e+04
9.318588221581183461e+03
6.689410912863056183e+03
5.308766716391048249e+03
4.397720048704150031e+03
3.717156712814453385e+03
3.165271730677067808e+03
2.688416428890685893e+03
2.253244282854861467e+03
1.833274228916299762e+03
1.399082863015783005e+03
8.929022351837145379e+02
1.858314910463980050e+04
9.037607156967997071e+03
6.474155939011297050e+03
5.128493827627730752e+03
4.241433363803685097e+03
3.580256912137450854e+03
3.045591103025305074e+03
2.585075423016150580e+03
2.165884123205673404e+03
1.762443711091701289e+03
1.345662111383565616e+03
8.595387482938365338e+02
1.796208165043885310e+04
8.715787419603886519e+03
6.240386119945905193e+03
4.940639975138453337e+03
4.083592002835376661e+03
3.445307887827053037e+03
2.929866721209995831e+03
2.486811965401145244e+03
2.084407706302322367e+03
1.697425675121996392e+03
1.297695790806727700e+03
8.302150786414134700e+02
1.726081632732074650e+04
8.370358678573185898e+03
5.996634430457255803e+03
4.747194458962158933e+03
3.923436272401378574e+03
3.310613698784975895e+03
2.816341851030527778e+03
2.392099610624534307e+03
2.007233147022689536e+03
1.637354882333391970e+03
1.254944112338688001e+03
8.056368613218810424e+02
1.656818250290915603e+04
8.020593669601617876e+03
5.733819678415597082e+03
4.539698369117260881e+03
3.754980913023647190e+03
3.171596464677653330e+03
2.701311435026539129e+03
2.297923508348139421e+03
1.932235387901365584e+03
1.581065703471452707e+03
1.217864165988892637e+03
7.887280737778293087e+02
1.612123300912693594e+04
7.818417088247545507e+03
5.617460053681076715e+03
4.458157534944556573e+03
3.690922800172191273e+03
3.117778538954909436e+03
2.654467627945675304e+03
2.256018538324718065e+03
1.894242307453345347e+03
1.546336370989961097e+03
1.185483669277831041e+03
7.593899059991924787e+02
1.563753519225750642e+04
7.567638530068248656e+03
5.432251269650775612e+03
4.306314198334222965e+03
3.560135156001260384e+03
3.001907813762084970e+03
2.549682763413375596e+03
2.160288162439742791e+03
1.806356146389465721e+03
1.466069516277088951e+03
1.115375388415466205e+03
7.087891430115977300e+02
1.516886723430081292e+04
7.325399491514058354e+03
5.251625056916610447e+03
4.157758589840176683e+03
3.432267852222534657e+03
2.889426014089963701e+03
2.449432097163536127e+03
2.070696504108796944e+03
1.726944218559212459e+03
1.397981013650219666e+03
1.061360518257265994e+03
6.741418484899029409e+02
1.470475920308470631e+04
7.089788093121601378e+03
5.075459868847583493e+03
4.013350868858220565e+03
3.309040190687549966e+03
2.781688341263703023e+03
2.354812820262771311e+03
1.987682075672149040e+03
1.655512925829036021e+03
1.338635916066731397e+03
1.015647171820716835e+03
6.450524726445322585e+02
1.424251995268704923e+04
6.854528826728854256e+03
4.901957364516320922e+03
3.872041269106706295e+03
3.189053252183921813e+03
2.678037569007373349e+03
2.264693079098513863e+03
1.909880271555164427e+03
1.589376690446937346e+03
1.284429466666436610e+03
9.742257568482566512e+02
6.187026133538691965e+02
1.377350623624630680e+04
6.619567373304724242e+03
4.729701833821874061e+03
3.732525848575462987e+03
3.071583609617412549e+03
2.577377973909090542e+03
2.177858852960134300e+03
1.835413892146743137e+03
1.526578503263243192e+03
1.233202137197599086e+03
9.351328534908203665e+02
5.937921085929903029e+02
1.329934558481033127e+04
6.384243269308697563e+03
4.557767865723526484e+03
3.594352542446169991e+03
2.955767430342298667e+03
2.478521588149650597e+03
2.093154977189818510e+03
1.763108661700205630e+03
1.465862931326931857e+03
1.183713842400681870e+03
8.973645612688750361e+02
5.697712275917716624e+02
1.282079089115195166e+04
6.147248257712782106e+03
4.385786464386564148e+03
3.456584505465196798e+03
2.840820085865323563e+03
2.380929765940462858e+03
2.009729794517641267e+03
1.692133879881767143e+03
1.406245577018050426e+03
1.135236460826104121e+03
8.603938423912130702e+02
5.461766076982734148e+02
1.233587404536765098e+04
5.908407039106323282e+03
4.213041979617624747e+03
3.318647200555020845e+03
2.726119315671707682e+03
2.283737946454215034e+03
1.926848807121076106e+03
1.621645323704766724e+03
1.347226597588493632e+03
1.087161500642789633e+03
8.237598144600672185e+02
5.227742834754603791e+02
1.184633321093600716e+04
5.667815412761839070e+03
4.039307925571229589e+03
3.180235949727891693e+03
2.611279002753196892e+03
2.186448626096887438e+03
1.844037177824591936e+03
1.551329233927893029e+03
1.288336305154854699e+03
1.039319876577101240e+03
7.872116883268962511e+02
4.994793876627888380e+02
1.134838823474871970e+04
5.424362373642097737e+03
3.863922905538648592e+03
3.040812590320295385e+03
2.495607318182965628e+03
2.088794869068176013e+03
1.760870453170576866e+03
1.480844447284611078e+03
1.229274692364965631e+03
9.913144487770385922e+02
7.506440860494620892e+02
4.760972340762658632e+02
1.084488375821341288e+04
5.178221057168375410e+03
3.686724529011509730e+03
2.900040474278533111e+03
2.379055019068447109e+03
1.990406810644279403e+03
1.677201073947596342e+03
1.409852525948011817e+03
1.169870364751534225e+03
9.430308965935552123e+02
7.137449531080633278e+02
4.525979355898480208e+02
1.033433525485118662e+04
4.929139711135059770e+03
3.507776930768231978e+03
2.757940977294144886e+03
2.261416115830917533e+03
1.891007411125778617e+03
1.592742880096011731e+03
1.338192302023019010e+03
1.109910501956761436e+03
8.943264442159835426e+02
6.765592098598294797e+02
4.288515066148565893e+02
9.815032488487633600e+03
4.676535749587602368e+03
3.326330546843213597e+03
2.613938073850891215e+03
2.142251590026623035e+03
1.790495253198911087e+03
1.507240225541554310e+03
1.265741397146990948e+03
1.049243432361670330e+03
8.449551916645842766e+02
6.389755606176128140e+02
4.047708531069301898e+02
9.287278898179005409e+03
4.420543239439996796e+03
3.142410642195409309e+03
2.468012939743467996e+03
2.021464664578546035e+03
1.688586920295769687e+03
1.420576616713180101e+03
1.192218823903431712e+03
9.877033741096612403e+02
7.948803313386516720e+02
6.007355382085473821e+02
3.803590841056403065e+02
8.751982415110624061e+03
4.160292754840487760e+03
2.955552701813996464e+03
2.319887262626195934e+03
1.898839587020140925e+03
1.584951443100121196e+03
1.332512156909318719e+03
1.117442512135175321e+03
9.250106226224032753e+02
7.438753021316016429e+02
5.617722436613339596e+02
3.554278507210786415e+02
8.205956020938388974e+03
3.895807477457342884e+03
2.765892745229838056e+03
2.169183581815760135e+03
1.774029305612444659e+03
1.479488683345312211e+03
1.242648821684372024e+03
1.041140731521951921e+03
8.610188924520132332e+02
6.917539685975140173e+02
5.218338860662209981e+02
3.298723937656525322e+02
7.650203305738804374e+03
3.627028065532422261e+03
2.572561035307820021e+03
2.015572823962801976e+03
1.646560857591365902e+03
1.371671346421089765e+03
1.150738808855664956e+03
9.628968965964520521e+02
7.952944466354903170e+02
6.380803932523921276e+02
4.807320071549250997e+02
3.035023793308571953e+02
7.081488406252142340e+03
3.352330099126179448e+03
2.375060359435835380e+03
1.858272315859592254e+03
1.515949992786147959e+03
1.260815508731978071e+03
1.055999801766782184e+03
8.820748760560468327e+02
7.272093791546894863e+02
5.824097380194087918e+02
4.379589411266159686e+02
2.760385554928666352e+02
6.499201219356395995e+03
3.070678662560222620e+03
2.172117326590009270e+03
1.696214278722935660e+03
1.380860273112679351e+03
1.145882634001458655e+03
9.573872220445207404e+02
7.976529427527218559e+02
6.558434486913212140e+02
5.237296339136360075e+02
3.927972254352270056e+02
2.469139165487358127e+02
5.898970876918019712e+03
2.780614305383771807e+03
1.962064580668968347e+03
1.527641993691053813e+03
1.239498242150087663e+03
1.024842375643353080e+03
8.528931146122552036e+02
7.076596811225798547e+02
5.793075531518323942e+02
4.605963542503807844e+02
3.439372406528356692e+02
2.153140825476099280e+02
5.274976993968675743e+03
2.477497804354105483e+03
1.740648824739515703e+03
1.348406475196695965e+03
1.087694494362845489e+03
8.937064260712214718e+02
7.386472463742828722e+02
6.084528618347166002e+02
4.944321717430117928e+02
3.902972854966213276e+02
2.893637403840012325e+02
1.800036964595467452e+02
4.612505496313343428e+03
2.152222815283911586e+03
1.499689388078270440e+03
1.149875151246674932e+03
9.169662175140492764e+02
7.439838230145946909e+02
6.069642879970837157e+02
4.934575964981433458e+02
3.958688919830140094e+02
3.086841005291990996e+02
2.263544685039975661e+02
1.394817944420221068e+02
3.877068605260368258e+03
1.781166069374794233e+03
1.215051935256515435e+03
9.083822848947619377e+02
7.049809449104167243e+02
5.567736101562487647e+02
4.427930904797290168e+02
3.518372889613601728e+02
2.767538463435037102e+02
2.122519763259890340e+02
1.534981210543388670e+02
9.360119466845429770e+01
2.936096230956805357e+03
1.265619473609371880e+03
7.948231242083793404e+02
5.493594369287599193e+02
4.005062859108606403e+02
3.022717856713824744e+02
2.330235103933972596e+02
1.813324305730604920e+02
1.406720494695709078e+02
1.069058550641108383e+02
7.687784189047123107e+01
4.678854705729357022e+01
