2.500000000000000120e-05
5.000000000000000104e-03
4.499999999999999660e-03
2.000000000000000042e-03
4.499999999999999660e-03
1.000000000000000021e-03
4.000000000000000083e-03
1.500000000000000031e-03
6.499999999999999702e-03
5.000000000000000104e-04
5.000000000000000104e-04
1.500000000000000031e-03
2.000000000000000042e-03
5.000000000000000104e-04
2.000000000000000042e-03
1.000000000000000021e-03
5.000000000000000104e-04
5.000000000000000104e-04
2.000000000000000042e-03
2.500000000000000120e-05
1.000000000000000021e-03
5.000000000000000104e-04
1.500000000000000031e-03
5.000000000000000104e-04
4.499999999999999660e-03
2.500000000000000120e-05
3.500000000000000073e-03
5.000000000000000104e-04
2.500000000000000052e-03
1.000000000000000048e-04
1.500000000000000031e-03
1.000000000000000048e-04
5.000000000000000104e-04
5.000000000000000104e-04
5.000000000000000104e-04
2.500000000000000120e-05
5.000000000000000278e-02
5.000000000000000278e-02
5.000000000000000278e-02
5.000000000000000278e-02
5.000000000000000278e-02
4.499999999999999833e-02
4.499999999999999833e-02
4.000000000000000083e-02
4.000000000000000083e-02
3.500000000000000333e-02
3.500000000000000333e-02
3.500000000000000333e-02
2.999999999999999889e-02
3.500000000000000333e-02
2.999999999999999889e-02
2.500000000000000139e-02
2.500000000000000139e-02
2.000000000000000042e-02
2.000000000000000042e-02
2.000000000000000042e-02
1.499999999999999944e-02
1.499999999999999944e-02
1.000000000000000021e-02
1.499999999999999944e-02
6.499999999999999702e-03
9.499999999999999764e-03
3.000000000000000062e-03
8.500000000000000611e-03
1.000000000000000021e-03
6.499999999999999702e-03
1.000000000000000021e-03
3.000000000000000062e-03
2.500000000000000120e-05
1.500000000000000031e-03
2.999999999999999889e-02
3.500000000000000333e-02
2.999999999999999889e-02
2.999999999999999889e-02
2.000000000000000042e-02
1.499999999999999944e-02
1.000000000000000021e-02
1.499999999999999944e-02
3.500000000000000073e-03
1.499999999999999944e-02
4.000000000000000083e-03
6.499999999999999702e-03
2.000000000000000042e-03
4.499999999999999660e-03
2.000000000000000042e-03
2.500000000000000052e-03
1.000000000000000021e-03
4.000000000000000083e-03
1.000000000000000021e-03
2.500000000000000052e-03
5.000000000000000104e-04
2.000000000000000042e-03
2.500000000000000120e-05
1.500000000000000031e-03
2.500000000000000120e-05
2.500000000000000052e-03
2.500000000000000120e-05
2.500000000000000052e-03
2.500000000000000120e-05
2.000000000000000042e-03
2.500000000000000120e-05
1.500000000000000031e-03
2.500000000000000120e-05
2.500000000000000120e-05
1.500000000000000031e-03
1.000000000000000021e-03
1.500000000000000031e-03
1.500000000000000031e-03
2.000000000000000042e-03
1.500000000000000031e-03
2.000000000000000042e-03
1.500000000000000031e-03
1.000000000000000021e-03
1.000000000000000021e-03
1.000000000000000021e-03
1.000000000000000021e-03
5.000000000000000104e-04
5.000000000000000104e-04
5.000000000000000104e-04
5.000000000000000104e-04
2.500000000000000120e-05
2.500000000000000120e-05
1.500000000000000031e-03
1.500000000000000031e-03
1.500000000000000031e-03
1.000000000000000021e-03
5.000000000000000104e-04
1.000000000000000048e-04
5.000000000000000104e-04
5.000000000000000104e-04
5.000000000000000104e-04
5.000000000000000104e-04
1.000000000000000048e-04
1.000000000000000048e-04
1.000000000000000048e-04
1.000000000000000048e-04
1.000000000000000048e-04
2.500000000000000120e-05
2.500000000000000120e-05
2.000000000000000042e-03
7.000000000000000146e-03
1.000000000000000048e-04
8.500000000000000611e-03
1.000000000000000048e-04
8.000000000000000167e-03
1.000000000000000048e-04
7.499999999999999722e-03
1.000000000000000048e-04
7.499999999999999722e-03
2.500000000000000120e-05
8.500000000000000611e-03
2.500000000000000120e-05
7.499999999999999722e-03
2.500000000000000120e-05
7.499999999999999722e-03
2.500000000000000120e-05
7.499999999999999722e-03
2.500000000000000120e-05
7.000000000000000146e-03
2.500000000000000120e-05
6.499999999999999702e-03
2.500000000000000120e-05
6.499999999999999702e-03
1.000000000000000021e-03
5.000000000000000104e-03
4.000000000000000083e-03
1.000000000000000021e-03
2.000000000000000042e-03
5.000000000000000104e-04
5.000000000000000104e-04
2.500000000000000052e-03
5.000000000000000104e-04
1.500000000000000031e-03
2.500000000000000120e-05
1.000000000000000021e-02
5.000000000000000104e-04
9.499999999999999764e-03
2.000000000000000042e-03
8.500000000000000611e-03
3.000000000000000062e-03
8.000000000000000167e-03
8.500000000000000611e-03
5.000000000000000104e-04
1.000000000000000021e-03
6.000000000000000125e-03
1.500000000000000031e-03
4.499999999999999660e-03
1.000000000000000021e-03
4.499999999999999660e-03
1.000000000000000021e-03
3.500000000000000073e-03
5.000000000000000104e-04
4.000000000000000083e-03
1.500000000000000031e-03
2.500000000000000052e-03
2.500000000000000120e-05
4.000000000000000083e-03
5.000000000000000104e-04
3.000000000000000062e-03
1.000000000000000021e-03
2.500000000000000052e-03
5.000000000000000104e-04
2.500000000000000052e-03
5.000000000000000104e-04
2.500000000000000052e-03
2.500000000000000120e-05
1.500000000000000031e-03
2.500000000000000120e-05
2.500000000000000120e-05
2.500000000000000120e-05
1.000000000000000021e-03
2.000000000000000042e-03
1.500000000000000031e-03
6.499999999999999702e-03
1.000000000000000048e-04
5.499999999999999681e-03
1.000000000000000021e-03
5.000000000000000104e-03
1.000000000000000048e-04
1.500000000000000031e-03
1.000000000000000021e-03
5.000000000000000104e-04
2.500000000000000120e-05
5.000000000000000104e-04
1.000000000000000048e-04
2.000000000000000042e-03
2.500000000000000120e-05
1.000000000000000021e-03
2.500000000000000120e-05
5.000000000000000104e-04
1.000000000000000048e-04
5.000000000000000104e-04
1.500000000000000031e-03
1.000000000000000021e-03
1.500000000000000031e-03
5.000000000000000104e-04
2.500000000000000120e-05
1.000000000000000048e-04
1.500000000000000031e-03
2.500000000000000120e-05
1.000000000000000021e-03
2.500000000000000120e-05
5.000000000000000104e-04
6.000000000000000125e-03
1.000000000000000021e-03
2.500000000000000120e-05
8.500000000000000611e-03
7.499999999999999722e-03
1.000000000000000048e-04
1.000000000000000048e-04
7.000000000000000146e-03
5.499999999999999681e-03
2.000000000000000042e-03
5.000000000000000104e-04
6.499999999999999702e-03
1.000000000000000021e-03
3.500000000000000073e-03
5.000000000000000104e-04
5.000000000000000104e-03
4.000000000000000083e-03
1.500000000000000031e-03
9.499999999999999764e-03
1.000000000000000021e-03
5.000000000000000104e-04
1.000000000000000021e-02
8.500000000000000611e-03
4.000000000000000083e-03
2.000000000000000042e-03
8.500000000000000611e-03
1.499999999999999944e-02
5.000000000000000104e-04
1.500000000000000031e-03
8.500000000000000611e-03
9.499999999999999764e-03
1.000000000000000021e-03
1.500000000000000031e-03
8.000000000000000167e-03
8.999999999999999320e-03
1.500000000000000031e-03
1.000000000000000021e-03
7.000000000000000146e-03
8.000000000000000167e-03
1.000000000000000021e-03
2.500000000000000120e-05
7.499999999999999722e-03
8.500000000000000611e-03
2.500000000000000120e-05
4.000000000000000083e-03
2.500000000000000120e-05
7.499999999999999722e-03
1.000000000000000021e-03
3.000000000000000062e-03
2.500000000000000120e-05
6.000000000000000125e-03
5.000000000000000104e-04
1.500000000000000031e-03
2.500000000000000120e-05
4.499999999999999660e-03
5.000000000000000104e-04
1.000000000000000021e-03
2.500000000000000120e-05
3.500000000000000073e-03
5.000000000000000104e-04
1.000000000000000021e-03
2.500000000000000120e-05
2.000000000000000042e-03
1.000000000000000021e-03
5.000000000000000104e-04
5.000000000000000104e-04
1.000000000000000021e-03
2.500000000000000120e-05
5.500000000000000028e-02
5.000000000000000278e-02
2.500000000000000120e-05
2.000000000000000042e-02
