1.505079332151353366e+00
-5.113630784016024063e-03
-6.796861913463936311e-02
7.562254421833169982e-01
-7.509944645522224384e-03
6.603688184501173009e-01
-1.860875692560927386e-01
7.176309303969782283e-01
-2.018966487520992281e-01
5.729015711892029294e-01
3.411671829453895993e-02
2.415097497387648784e-01
-1.903268327762150658e-01
6.354964356314544149e-01
-1.451328312067197979e-01
9.130384669891509208e-01
-9.887939888042397707e-02
8.575709343274222629e-01
-2.464014611926010068e-01
9.715747235856999620e-01
4.964999680847223540e-02
8.460874948170967746e-01
-9.738837235603907405e-02
9.992145028249135308e-01
-3.370378861095573719e-01
1.466308768532109230e+00
-2.997217276162582045e-01
8.163491826195207191e-01
-2.733307449689363899e-01
1.972758378831367621e+00
-2.778767760818342536e-01
1.962011627542485703e+00
-4.397768568261357647e-01
5.294412966054121705e-01
-4.436749572051388868e-01
7.428488992406397928e-01
2.211838383040841016e+00
-2.178101340910445050e+00
2.128622236760953967e+00
-1.951951461067411575e+00
1.962398958470484400e+00
-2.003648517258045381e+00
2.009194028625233219e+00
-2.073441448734919756e+00
2.072640266145309162e+00
-2.166483996094682674e+00
2.156156693346316988e+00
-1.932124067691791902e+00
2.219491700631662123e+00
-1.679579177042577864e+00
1.930608073559658244e+00
-2.016011816604720064e+00
1.967781032268266950e+00
-2.108266330104762165e+00
2.041911885436509255e+00
-1.706354187955382518e+00
2.241591722177366908e+00
-1.778862945400508933e+00
2.533348800218618635e+00
-1.349741595605281619e+00
2.581730498730741008e+00
-1.588852759141066828e+00
2.723416088557252923e+00
-1.490183048218018724e+00
3.823864715206105824e+00
-1.242309104572638434e+00
2.563035881374530423e+00
-7.565083633453434375e-01
1.379893473888715416e+00
-4.261126924223288537e-01
1.743390636730185017e+00
-1.217739394663233776e+00
1.395767362787706745e+00
-1.115301529090871879e+00
1.533731827034320316e+00
-1.677291065029704598e+00
1.933772046785010135e+00
-1.249416393292619665e+00
2.375083564714922435e+00
-1.024939517530067068e+00
1.903162357204980282e+00
-9.183557539422195770e-01
1.696073367629860051e+00
-8.168958239537903454e-01
1.294455936665543927e+00
-7.253733293648982894e-01
1.431570059181829224e+00
-4.717641795111147118e-01
1.502950282782073987e+00
-4.045251257585611437e-01
1.107943457542535537e+00
-3.260081212707717224e-01
1.887213278323227383e+00
-4.071701948833806456e-02
1.410819143711911972e+00
-2.907327995534884635e-01
1.625525178442044805e+00
-5.106844721322442160e-01
2.036679894744947372e+00
-5.061404177105842672e-01
1.647608684187229944e+00
-4.421151910785264261e-01
1.172364835361471735e+00
3.531852663561964589e-01
2.244870947139971040e+00
2.625580968338464327e+00
2.761603140238822807e+00
2.556604668450892071e+00
1.759116075895658993e+00
2.261818878303610614e+00
1.552527856056617361e+00
1.869738327677785916e+00
2.449396010000413071e+00
2.094176890576769701e+00
1.784520301448214497e+00
1.512415477351918502e+00
1.760005984500274900e+00
-3.641634432846140301e-01
-1.456053190320945934e+00
-6.616201064796339848e-01
9.388187295200642879e-01
-2.926687713396078916e-01
1.681888968113019134e+00
1.131182315097115865e+00
5.719800666462356853e-01
-6.564762019018389738e-01
-1.018622955701338650e+00
9.123984716935569228e-01
-1.688631461249909911e-03
-2.252992503981546268e-02
-2.147039318990350831e-01
-2.031073581725647836e-01
-4.159973647454690560e-01
-5.064378291560693857e-01
-1.286730106629598858e+00
-1.231145357296687060e+00
-6.488918062708848300e-01
3.010289744129514000e-01
5.954711455488003180e-01
2.090956603645807821e+00
-8.715902761321433490e-01
2.479799976523962002e+00
-1.127095077905115872e+00
2.188813513080859696e+00
-1.124018815433777352e+00
1.905387659912077813e+00
-1.149502927829076038e+00
1.718654471066235923e+00
-1.119519668555525760e+00
1.762711479981631690e+00
-1.000177947539770740e+00
2.020016258525213271e+00
-1.099371604453555973e+00
1.458328441011901067e+00
-1.038123206553413613e+00
1.295044899665388716e+00
-9.752069019835599706e-01
1.620929154171330655e+00
-9.925188180826580719e-01
1.632222834489355456e+00
-9.766635717146048279e-01
2.214333521383418546e+00
-9.167521912920664207e-01
1.733827992485330149e+00
-7.238493004066111070e-01
1.116792344860507935e+00
2.054506598606396436e-02
1.930623778374207955e+00
5.475235843589283391e-01
2.368005606193561263e+00
-5.831030970932894464e-01
1.274557127520445254e+00
-3.232111522077737442e-01
1.639041221449729857e+00
-1.013688560716401232e+00
1.400643014084531179e+00
-9.280364514909044127e-01
8.347592437895122730e-01
-8.522587096065167289e-01
1.175661744357872296e+00
-5.345304293707915377e-01
7.782758764029709120e-01
4.125513758856056978e-01
1.452758518916598129e+00
-5.157837252733514788e-01
1.171977744159749424e+00
-2.896933868184208838e-01
8.677794328188397355e-01
-3.177625386844626365e-01
1.066130577212825115e+00
-1.398906640500483245e-01
1.330302444348941515e+00
-2.669755122445280349e-01
9.389310137361676079e-01
-1.835877175752035906e-01
1.976664915394603872e+00
-1.717044436189560375e-01
1.087651373856514780e+00
-1.819822580422168897e-03
1.030572906068025985e+00
5.264122555353287908e-02
1.485998392226534293e+00
2.419488033719241135e-02
1.177389474729626739e+00
2.237064994201435827e-02
1.880743636538145802e+00
-3.558961630388631781e-01
8.456070128023243093e-01
6.755231566417235767e-01
4.735280582942171246e-01
3.018860736938910883e-01
3.036078345640121356e-01
4.297277233875231861e-01
-5.126950820717845331e-02
6.512610476375322310e-01
-1.053939083845977093e-01
4.976359653864912413e-01
-2.513124954474912354e-01
5.572163934763615378e-01
-1.431243074963839956e-01
6.431603112741484107e-01
1.968468499995308998e-02
7.792333926654462228e-01
2.198694182259419705e-01
5.810901548718137022e-01
3.863336728423236166e-01
3.644475029371371244e-01
6.453428097224825910e-01
2.624123820716884881e-01
-3.476280056352024778e-02
9.466184135411007672e-01
1.080278458428423072e+00
3.900610300819586096e-02
5.099534677136138283e-01
-5.509152421399852312e-02
5.928251963003436931e-01
9.941883763325910506e-01
1.623555956513472731e+00
-3.367493993321726831e-02
3.078214274359115654e-01
-1.959281012672761391e-01
3.349166337550041339e-01
-4.176454783666179449e-02
-1.099927736662583908e-02
1.877618364054236988e+00
3.985972953970511323e-01
-2.266292153076188143e-01
-2.361601998964612537e-01
7.316368881749635289e-01
9.408464844618267264e-01
-2.366885356694665155e-01
-1.333662942917382965e-01
5.638935544888179496e-01
7.438100800160205583e-01
-2.254324478360976158e-01
-2.907500526847031294e-02
4.260917838198660101e-01
6.648923954880311404e-01
-2.404371451325069409e-01
1.312055508466428155e-01
6.282931371115266783e-01
4.773157602594590987e-02
-2.196966386734052964e-02
7.669300137393921801e-01
-6.172675500071490157e-02
-5.637488467784390611e-02
1.313803646172577166e-01
7.262508362800266237e-01
-8.125322490916431217e-02
-1.195444626652040210e-01
7.360269277874131877e-01
7.818696717262818563e-01
-1.388351795161962832e-01
-1.701181327049689496e-01
7.623308809180221468e-01
8.938439160556883589e-01
-1.539882125660525236e-01
-1.722603254651510207e-01
6.883172744109027352e-01
1.142228536645723658e+00
-1.151708902612684354e-01
-1.633095515595706371e-01
6.506008398020647343e-01
1.373771693934875637e+00
-1.729939566707526799e-01
-1.671214811408750223e-01
4.655972059075337288e-01
4.759963642220034763e-01
1.390735718655052411e+00
-1.209341724783976335e-01
8.848235259388665952e-01
5.159292304662757012e-01
1.350777097563497842e+00
-2.201739233104492988e-01
3.481338069628613918e-01
6.198315139428453024e-01
1.868098306854764523e+00
-1.828620225305136460e-01
1.026833110795134923e-01
7.296743423976795873e-01
3.309893611103073674e+00
-1.507546022566723098e-01
2.090432044067418171e-01
4.994328826430341484e-01
2.746670367664971302e+00
-2.622297307093077734e-01
-9.239082211381399734e-02
1.122942317897742681e+00
9.356784060697804772e-01
-6.215619964433349853e-02
1.848512435557938260e-01
2.355272308832652595e+00
-2.284583660451116494e+00
1.141902785553886579e+00
-8.162479921908895042e-01
