-1.494156433955308796e-02 4.452046734089562530e-02 9.960598008053923869e-02
-9.924319821389896226e-03 -2.365054502447432386e-02 1.086593376918152665e-01
-1.009652053501253199e-02 5.757092775451586042e-02 2.342328566565340942e-01
-2.257772945394573988e-02 -3.019381030392380427e-02 2.442795360670855509e-01
-1.216295817835986656e-02 7.425344233452214893e-02 4.265462348868437337e-01
-2.473971163448007715e-02 -4.195034524293887040e-02 4.365432586663575698e-01
-1.274289025542872135e-02 8.734712344497917724e-02 6.691189931476848596e-01
-3.046878636288648939e-02 -5.040352963670706454e-02 6.778461143565875924e-01
-1.510431687963183743e-02 1.012323920887192447e-01 9.657413882176600906e-01
-3.634999898246491640e-02 -5.834828168683959398e-02 9.713830616219942815e-01
-2.256002338999993362e-02 1.186166761830367428e-01 1.319353012654538970e+00
-4.882232374190121488e-02 -6.073101260532446505e-02 1.326139959139710944e+00
-2.302735980487450457e-02 1.299527754859587658e-01 1.739427323140936732e+00
-6.715650096916707390e-02 -5.521941294913904064e-02 1.743765406601511803e+00
-2.902753937001788589e-02 1.448980364659742948e-01 2.228884443426489614e+00
-8.816717269873125540e-02 -4.398814767962726247e-02 2.233722874229602251e+00
-3.848080652376028449e-02 1.588037503777728898e-01 2.783041047347569297e+00
-1.101437409626469799e-01 -3.370004259484218889e-02 2.788873818560143381e+00
-5.023827212420986510e-02 1.733708193861627223e-01 3.415380545910390975e+00
-1.349937812829500594e-01 -2.049754677155675095e-02 3.419935082910072310e+00
-6.695887651584592204e-02 1.908195677320786154e-01 4.136720205443887188e+00
-1.596553527445706278e-01 -2.201695918239878272e-03 4.140232872274582476e+00
-8.354438533161030744e-02 2.081474994188554639e-01 4.951158209238423424e+00
-1.871488914735443543e-01 1.948251653327594257e-02 4.953823020867466731e+00
-1.160388936081590411e-01 2.384578027464561989e-01 5.878650453506390150e+00
-2.183072731409022305e-01 5.001687117171274566e-02 5.881388158884900186e+00
-1.510290285440031854e-01 2.690118135667465826e-01 6.919449267627029165e+00
-2.483105320475023914e-01 7.964712832098140571e-02 6.918957990400555147e+00
-1.880442338182378992e-01 3.001054841860911759e-01 8.081649679830068322e+00
-2.837262900289850287e-01 1.167862218446598793e-01 8.079985980793475520e+00
-2.297797162180727215e-01 3.408393899078532296e-01 9.441627475467383235e+00
-3.158911273980257173e-01 1.573700569482159584e-01 9.441008095489788587e+00
-2.776949641761569110e-01 3.705757420995557938e-01 1.105444686457510350e+01
-3.404118054096665347e-01 2.010375032853180810e-01 1.105513192835749336e+01
-3.147738808608812611e-01 3.790217325205302856e-01 1.279023031139774247e+01
-3.691593235981859844e-01 2.532627986062248593e-01 1.279007717068167693e+01
0.000000000000000000e+00 0.000000000000000000e+00 0.000000000000000000e+00
0.000000000000000000e+00 0.000000000000000000e+00 0.000000000000000000e+00
-1.599710580496221599e-02 2.294150095283405480e-02 6.334106865452228396e-02
-8.422640970356168582e-04 -8.278491333001045810e-03 6.668214035842272291e-02
-1.481629664203061754e-02 3.265866076793873252e-02 1.886777211464879256e-01
-4.137287250260520549e-03 -1.354296385398686894e-02 1.908035717439858503e-01
-1.471185897566030208e-02 4.378600624567682148e-02 3.760594607313828552e-01
-1.058073469556859193e-02 -2.058609577723500075e-02 3.770730912274982138e-01
-1.484174503437644260e-02 5.778656619649809312e-02 6.480234871949390740e-01
-1.724175012093887363e-02 -2.301429183050009153e-02 6.469304774381517964e-01
-1.692156123898272760e-02 7.606994355139760911e-02 9.911515609570127339e-01
-3.168234573043785668e-02 -1.811261500895672630e-02 9.895647678318030271e-01
-2.179315477265967443e-02 9.166569094652478322e-02 1.450579938970186111e+00
-4.307444667946457723e-02 -1.259920696996318264e-02 1.451903471730429551e+00
-3.080145927551436805e-02 1.076586189224224693e-01 1.989013991146138860e+00
-5.988974660190370808e-02 -2.096798803691237237e-03 1.989011722587974873e+00
-4.407394127812025442e-02 1.226143784117053603e-01 2.600205292977302740e+00
-7.957795294330208269e-02 1.179875237279843884e-02 2.600177440318289790e+00
-6.048930569299554999e-02 1.401325782673134845e-01 3.285593970061242874e+00
-9.991415531209302259e-02 2.905734930644071623e-02 3.285351553546057346e+00
-7.799795442287554836e-02 1.584167593583247491e-01 4.057524737003237014e+00
-1.236488058638786913e-01 4.999450240871740336e-02 4.057317183360071411e+00
-9.846043692867524622e-02 1.749826883824566193e-01 4.894452480559492002e+00
-1.489308304835335051e-01 7.331684688585353438e-02 4.894071960716090963e+00
-1.342033352735982621e-01 2.061778079534856978e-01 5.843192699335471474e+00
-1.775564963331031088e-01 1.023437131006792039e-01 5.842783731191485863e+00
-1.691951297902946350e-01 2.327744027463868604e-01 6.865650922135654532e+00
-2.128575097974774455e-01 1.342933373890139725e-01 6.864749747278727554e+00
-2.057071482875500179e-01 2.613369844951438647e-01 8.011426740339020469e+00
-2.464465386185384077e-01 1.651138715792618283e-01 8.010696446859576270e+00
-2.494016208590788541e-01 2.963596988663515508e-01 9.359607482218494923e+00
-2.839406096408841895e-01 2.009330171932712794e-01 9.359292118261505422e+00
-2.920962402034999461e-01 3.266453904179063561e-01 1.091468058027572141e+01
-3.208192753460687441e-01 2.396085274325379100e-01 1.091479461777327664e+01
-3.273763060004680203e-01 3.475220269075876001e-01 1.271507201260904374e+01
-3.517356667563249495e-01 2.842733312924661249e-01 1.271523377079232908e+01
0.000000000000000000e+00 0.000000000000000000e+00 0.000000000000000000e+00
0.000000000000000000e+00 0.000000000000000000e+00 0.000000000000000000e+00
