0.000000000000000000e+00
1.090578681657195237e-01
1.457613773812048041e+00
0.000000000000000000e+00
1.441437090716301550e-01
0.000000000000000000e+00
3.572930111056912938e+00
0.000000000000000000e+00
2.105695420977605536e+00
0.000000000000000000e+00
0.000000000000000000e+00
0.000000000000000000e+00
4.897109557817958425e+00
0.000000000000000000e+00
3.202840301453324212e+00
0.000000000000000000e+00
7.391272731623558023e+00
0.000000000000000000e+00
3.840850618923234983e+00
0.000000000000000000e+00
0.000000000000000000e+00
0.000000000000000000e+00
1.328492476689641766e+00
0.000000000000000000e+00
1.194434518129477318e+00
0.000000000000000000e+00
1.027218448154062935e+00
0.000000000000000000e+00
9.407943344047686729e-01
0.000000000000000000e+00
1.070064733161700810e+00
0.000000000000000000e+00
3.086818739671840284e+00
0.000000000000000000e+00
1.601310252639749132e+00
0.000000000000000000e+00
0.000000000000000000e+00
6.737183094190855037e-01
0.000000000000000000e+00
6.037667612243046156e-01
0.000000000000000000e+00
6.886194699140495423e-01
0.000000000000000000e+00
8.016811459969946929e-01
0.000000000000000000e+00
9.573219539239359310e-01
0.000000000000000000e+00
8.537620597543806866e-01
0.000000000000000000e+00
7.421693501704913487e-01
0.000000000000000000e+00
1.247163341154816862e+00
0.000000000000000000e+00
1.630291869217229461e+00
0.000000000000000000e+00
1.319501124599862463e+00
0.000000000000000000e+00
1.834091992981522257e+00
0.000000000000000000e+00
1.391649764854837823e+00
0.000000000000000000e+00
2.586603926521565455e+00
0.000000000000000000e+00
2.711383601729465909e+00
0.000000000000000000e+00
2.955880613145029479e+00
0.000000000000000000e+00
3.899979859108412050e+00
0.000000000000000000e+00
4.393430788100361362e+00
0.000000000000000000e+00
5.268742034252793527e-01
0.000000000000000000e+00
5.629792065265930567e-01
0.000000000000000000e+00
1.693316154444691302e+00
0.000000000000000000e+00
1.261353520496699909e+00
0.000000000000000000e+00
1.034731352344503197e+00
0.000000000000000000e+00
2.139532563732348791e+00
0.000000000000000000e+00
2.749001931234305918e+00
0.000000000000000000e+00
4.393819362976858933e+00
0.000000000000000000e+00
1.786018091722009871e+00
0.000000000000000000e+00
2.450342567057334442e+00
0.000000000000000000e+00
2.468421386741484813e+00
0.000000000000000000e+00
4.110601251880169893e-01
0.000000000000000000e+00
1.761064764096989643e+00
0.000000000000000000e+00
3.093381807274589779e+00
0.000000000000000000e+00
3.832318955104637048e+00
0.000000000000000000e+00
4.463392314409643014e+00
0.000000000000000000e+00
0.000000000000000000e+00
0.000000000000000000e+00
0.000000000000000000e+00
0.000000000000000000e+00
0.000000000000000000e+00
0.000000000000000000e+00
0.000000000000000000e+00
0.000000000000000000e+00
0.000000000000000000e+00
0.000000000000000000e+00
0.000000000000000000e+00
0.000000000000000000e+00
0.000000000000000000e+00
0.000000000000000000e+00
4.313028810489994980e-01
1.237079843893805542e+00
3.773384577288784736e-01
0.000000000000000000e+00
1.042942581093695864e+00
0.000000000000000000e+00
0.000000000000000000e+00
0.000000000000000000e+00
5.921401858305981314e-01
1.608616807590657061e+00
0.000000000000000000e+00
1.983309087581957685e-03
2.240778964023983771e-02
1.781188369618099676e-01
1.380258738528988005e-01
1.132555476428547481e+00
1.074603542200346817e+00
2.053648513384994434e+00
1.409551537064178905e+00
4.987090707294136172e-01
0.000000000000000000e+00
0.000000000000000000e+00
0.000000000000000000e+00
2.551044621777899035e+00
0.000000000000000000e+00
2.648545262033358494e+00
0.000000000000000000e+00
2.738056853365358645e+00
0.000000000000000000e+00
2.916507118200421189e+00
0.000000000000000000e+00
2.776111421941642732e+00
0.000000000000000000e+00
2.140942297882603373e+00
0.000000000000000000e+00
2.612008602780986344e+00
0.000000000000000000e+00
2.418354695434723478e+00
0.000000000000000000e+00
2.230177641834111490e+00
0.000000000000000000e+00
2.390458833361492896e+00
0.000000000000000000e+00
2.493465446670867891e+00
0.000000000000000000e+00
2.307116648302298678e+00
0.000000000000000000e+00
2.337881404179711353e+00
0.000000000000000000e+00
0.000000000000000000e+00
0.000000000000000000e+00
0.000000000000000000e+00
0.000000000000000000e+00
3.659140377558096624e+00
0.000000000000000000e+00
3.359271981949276231e+00
0.000000000000000000e+00
1.675305080782596434e+00
0.000000000000000000e+00
1.600780940623156567e+00
0.000000000000000000e+00
1.629712845877323346e+00
0.000000000000000000e+00
1.077660598758830135e+00
0.000000000000000000e+00
0.000000000000000000e+00
0.000000000000000000e+00
1.366884995322670715e+00
0.000000000000000000e+00
1.017007724741058716e+00
0.000000000000000000e+00
1.108815618892376342e+00
0.000000000000000000e+00
6.240989331727619938e-01
0.000000000000000000e+00
1.036819335715081225e+00
0.000000000000000000e+00
1.135407641194625228e+00
0.000000000000000000e+00
6.608878812417317006e-01
0.000000000000000000e+00
9.304151132889933520e-03
0.000000000000000000e+00
0.000000000000000000e+00
0.000000000000000000e+00
0.000000000000000000e+00
0.000000000000000000e+00
0.000000000000000000e+00
0.000000000000000000e+00
3.601893336706815774e+00
0.000000000000000000e+00
0.000000000000000000e+00
0.000000000000000000e+00
0.000000000000000000e+00
0.000000000000000000e+00
0.000000000000000000e+00
6.247447798217684589e-01
0.000000000000000000e+00
1.339745429756920236e+00
0.000000000000000000e+00
3.076232434217684109e+00
0.000000000000000000e+00
5.063859023475169252e+00
0.000000000000000000e+00
0.000000000000000000e+00
0.000000000000000000e+00
0.000000000000000000e+00
0.000000000000000000e+00
0.000000000000000000e+00
0.000000000000000000e+00
0.000000000000000000e+00
0.000000000000000000e+00
1.467160660992803178e+00
0.000000000000000000e+00
0.000000000000000000e+00
0.000000000000000000e+00
0.000000000000000000e+00
4.470305291739929965e-01
0.000000000000000000e+00
0.000000000000000000e+00
0.000000000000000000e+00
1.315817426515499267e-01
0.000000000000000000e+00
6.977125638840303568e-01
0.000000000000000000e+00
1.529500488462008090e-01
2.258175691725654854e-01
0.000000000000000000e+00
0.000000000000000000e+00
2.942003086377643406e+00
3.540637206456096475e+00
0.000000000000000000e+00
0.000000000000000000e+00
3.391647327431538628e+00
2.479844842824583839e+00
0.000000000000000000e+00
0.000000000000000000e+00
3.150148433693573224e+00
2.693933208226582554e+00
0.000000000000000000e+00
0.000000000000000000e+00
3.938901340919576111e+00
0.000000000000000000e+00
0.000000000000000000e+00
0.000000000000000000e+00
1.615905596689813706e+00
0.000000000000000000e+00
4.075137715156112450e-01
4.961034661541541824e-01
0.000000000000000000e+00
0.000000000000000000e+00
5.614951040456470643e-01
5.332803722558465687e-01
0.000000000000000000e+00
0.000000000000000000e+00
8.496760391775582955e-01
1.067021390124563762e+00
0.000000000000000000e+00
0.000000000000000000e+00
8.828082894341569009e-01
1.010927139846016010e+00
0.000000000000000000e+00
0.000000000000000000e+00
6.625442545133748418e-01
9.514301123787275438e-01
0.000000000000000000e+00
0.000000000000000000e+00
8.127486522036376781e-01
8.052566983225385444e-01
0.000000000000000000e+00
0.000000000000000000e+00
0.000000000000000000e+00
5.782926518904122348e-01
0.000000000000000000e+00
0.000000000000000000e+00
0.000000000000000000e+00
1.149702438712141506e+00
0.000000000000000000e+00
0.000000000000000000e+00
0.000000000000000000e+00
1.111651385342431020e+00
0.000000000000000000e+00
0.000000000000000000e+00
0.000000000000000000e+00
1.031192989008602012e+00
0.000000000000000000e+00
0.000000000000000000e+00
0.000000000000000000e+00
2.764429882702985175e+00
1.707613524878111244e+00
0.000000000000000000e+00
0.000000000000000000e+00
1.167681972663324741e+00
0.000000000000000000e+00
0.000000000000000000e+00
1.976724962703038768e+00
0.000000000000000000e+00
2.000202803413672736e+00
