-9.011034599045988358e-01
2.787854007452264700e-03
2.686869857542349693e-02
-4.734978470673718021e-01
-7.109440548279846728e-03
-4.306987426946899955e-01
1.362941413395139245e-01
-4.998827684598977084e-01
1.275529946723932273e-01
-3.369859221729040732e-01
1.182717130864833349e-02
-1.219288962332125553e-01
2.009023427470335854e-01
-4.201457797733037514e-01
1.217018171320031344e-01
-5.282574404414770441e-01
1.836400259491808851e-01
-5.720688351336884470e-01
1.993828537125486855e-01
-7.196886011262582095e-01
3.069286849148334523e-02
-5.664346495315379926e-01
8.444817394582754266e-02
-7.106896656786179101e-01
2.598270183246095266e-01
-1.178576894220010995e+00
2.414762896490388888e-01
-6.708781749162369135e-01
2.301261529989042653e-01
-1.798278479906994187e+00
2.580182108914747530e-01
-1.820738811219001496e+00
4.339919363394185159e-01
-5.202072970979492172e-01
4.454070418928458563e-01
-6.783089599655426349e-01
-1.276473007408935212e+00
1.263771205465253678e+00
-1.251640621689793509e+00
1.178037667396255372e+00
-1.187604679496825577e+00
1.242340961925088694e+00
-1.249297719569303800e+00
1.321008865684730971e+00
-1.329006495426664713e+00
1.424346711634384199e+00
-1.420793869950410793e+00
1.308482145740696323e+00
-1.510822657140994396e+00
1.176201482456993075e+00
-1.356277039876587098e+00
1.455659498924955164e+00
-1.428583495343202392e+00
1.575543386487957109e+00
-1.533582233218395263e+00
1.323928377419669955e+00
-1.745418709982412775e+00
1.439145415955022989e+00
-2.062517284416562902e+00
1.131960005513712009e+00
-2.204309647747175305e+00
1.380371208018400964e+00
-2.473900081605389989e+00
1.328901790344722444e+00
-3.626375929102355844e+00
1.156049551116367979e+00
-2.487041885531668939e+00
7.389481321633385447e-01
-1.425217857600862059e+00
4.364646568906668245e-01
-8.769567681924187452e-01
6.437752183965380626e-01
-7.404841825153150037e-01
6.200573026274830424e-01
-8.670315446612416599e-01
9.752352314445644765e-01
-1.153526492238365009e+00
7.593473838701680911e-01
-1.583080543985977418e+00
6.413271117392228549e-01
-1.224362372054073944e+00
6.282284908392935519e-01
-1.188363873791841385e+00
6.153355012515615563e-01
-9.632536632867025883e-01
6.066967413034414225e-01
-1.093382814765733846e+00
3.952363035531279989e-01
-1.099067226842485701e+00
3.434224072020157226e-01
-8.132452924848997400e-01
2.719262873372077505e-01
-1.691808249501331574e+00
6.504359146631083499e-02
-1.193743220646989567e+00
2.585589139528215452e-01
-1.436230175546619359e+00
4.612606622782641774e-01
-1.910050240477437100e+00
4.865628196871361055e-01
-1.606309601459946723e+00
4.336869215076025741e-01
-1.125141380855623874e+00
-2.387596843138421743e-01
-7.817695959181785170e-01
-1.038585617651990090e+00
-1.129496961808821309e+00
-1.118314210516302865e+00
-8.164095665752968412e-01
-1.124078124803252088e+00
-8.150731575894918368e-01
-1.042601715021270747e+00
-1.442548273694385097e+00
-1.297067983658781287e+00
-1.160559581456872769e+00
-1.045095508179106236e+00
-1.244894486834568603e+00
3.755075975344925876e-01
1.284334599318276871e+00
6.113591566873950445e-01
-7.683421076273800887e-01
3.214022296281047741e-01
-6.722527944504071984e-01
-4.773037521263907013e-01
-2.546240266496500593e-01
4.054921767776645258e-01
5.632768436466462081e-01
-3.850229575383309344e-01
2.000350875515634688e-02
3.299437457649175010e-02
1.480812448009165838e-01
1.272775397516787421e-01
2.333304399378482163e-01
5.848916103061112537e-01
1.159938296027054117e+00
1.105868008346218234e+00
6.590029364288849667e-01
-2.253292437802092985e-01
-5.874138461957781887e-01
-7.815572905665019166e-01
3.257448557823123814e-01
-9.979183664038547841e-01
4.515841443566404045e-01
-9.008280817049384437e-01
4.803857276772596219e-01
-8.229550862534931177e-01
5.189734567267890730e-01
-7.829314395725738285e-01
5.354193854370601358e-01
-8.947405300528418204e-01
5.084277020067484720e-01
-1.131904045883783683e+00
5.960989249735962892e-01
-7.919300457075860722e-01
5.946314859952648302e-01
-7.270156415993729304e-01
5.903032511654366932e-01
-1.023759928546698061e+00
6.283045164290698148e-01
-1.088719669821982317e+00
6.532196527179024992e-01
-1.659802244291777917e+00
6.550611415104024005e-01
-1.369040183955043011e+00
5.431322196217159837e-01
-9.385120662745097819e-01
-1.183937774540183424e-01
-1.736190090945061826e+00
-6.380563203956522988e-01
-2.271547893435060139e+00
5.459565987403922627e-01
-1.312096407604084414e+00
3.276438363950017751e-01
-6.662035487480846285e-01
3.950793593245311985e-01
-5.826661289699364144e-01
3.841424711763198330e-01
-3.452571909695014152e-01
3.961760916922338893e-01
-6.230770541793768658e-01
2.600573724353675287e-01
-4.350944953836127782e-01
-4.057329975482571460e-01
-8.479249409391939052e-01
2.861125614386685334e-01
-7.091324587205076746e-01
1.434091095380027603e-01
-5.263233066344138456e-01
1.830729002160363939e-01
-7.382479525431125955e-01
6.485571357732367037e-02
-9.045564320729619912e-01
1.727944226136964578e-01
-6.514863066855061113e-01
1.272411185648255894e-01
-1.699950408540832125e+00
1.099392592251270256e-01
-8.773455185262152289e-01
-2.621941317063113119e-02
-8.714518107266243652e-01
-7.525471844718670256e-02
-1.360229622638634117e+00
-4.420899387562431115e-02
-1.131409046516922645e+00
-3.524884376560310367e-02
-1.715285516754452733e+00
3.519740609123155339e-01
-5.744752964418917696e-01
-3.211871858128013679e-01
-3.564698606296733407e-01
-1.186115315802867276e-01
-2.310866851435688651e-01
-2.349500355571077781e-01
8.392297928561035306e-03
-3.989419418318469468e-01
5.275458433222007804e-02
-2.686522757679176143e-01
1.742322038749493374e-01
-2.991279417013631980e-01
1.777335742630029580e-01
-4.248496558511793975e-01
1.628645173545152092e-01
-5.892943410285661487e-01
2.561647694578316273e-02
-4.414795251214990168e-01
-2.059974782503602164e-01
-3.286916190021236250e-01
-3.546724274409301936e-01
-1.906654505550886558e-01
2.131113937206176590e-01
-8.505996551391630245e-01
-8.201346721525063499e-01
-8.243813406770213181e-02
-3.972732690299365377e-01
2.285768436168373816e-02
-4.677544854740550706e-01
-1.000339557458146178e+00
-1.491111300240585580e+00
1.697034747159079093e-02
-2.841717787727713884e-01
1.814602004496999044e-01
-2.638747633312537033e-01
3.546609270185609175e-02
6.901670529491948057e-03
-1.107728814847609655e+00
-2.699736705486479038e-01
1.338817054759555703e-01
1.486724072557029930e-01
-4.514059944208631547e-01
-6.200235585254334492e-01
1.484991372154212397e-01
1.114559147380566745e-01
-3.548387957319164010e-01
-5.477111450911434920e-01
1.580250981414525469e-01
1.071431475179038945e-01
-3.364319452951075595e-01
-4.905232624230719818e-01
2.089216344654240831e-01
6.805118406404824481e-03
-4.908237629666974966e-01
-7.179364310618942258e-02
1.191267393850741485e-01
-3.827728917597743585e-01
-8.279778554825731589e-05
1.400092654744447378e-02
-1.666496220628018235e-02
-4.093265196756870061e-01
2.579701825913560329e-02
5.710845246269555947e-02
-3.635902275477593260e-01
-4.460300031472766991e-01
6.769019665671432984e-02
9.500267831104158844e-02
-3.553356334264369254e-01
-5.515138402566426290e-01
7.985535302382011646e-02
9.523769693077190068e-02
-4.056724137055681689e-01
-7.710760858680305585e-01
5.453618128819534561e-02
9.734926096181091559e-02
-3.727144531565932395e-01
-9.831371476640619056e-01
1.056058101838766722e-01
1.027265926211277103e-01
-1.956278717836019143e-01
-3.401270175317813171e-01
-1.269668393363735381e+00
8.895630528839378048e-02
-6.077361702911047159e-01
-3.989284096122970857e-01
-1.217657145175313316e+00
1.747029762340382986e-01
-2.110469111634040162e-01
-5.123263102310368078e-01
-1.751252007681767475e+00
1.520323287648904786e-01
-6.713681925941972217e-02
-6.393101389551536506e-01
-3.196023462412037386e+00
1.332762152967219560e-01
-1.606100211215700513e-01
-4.628585677578085367e-01
-2.697317799149042461e+00
2.562181043446900008e-01
1.141204569059849350e-01
-1.112478444937468725e+00
-9.471335050248020915e-01
5.436700944938301083e-02
-5.270819735433718289e-02
-1.280878149285163081e+00
1.303511259605435013e+00
-3.527452994937366748e-01
2.810520206896880979e-01
