8.928198090412493501e-03 -2.495195227720762784e-02 -4.856664093787073366e-02
5.977906934955743747e-03 1.344220641386754435e-02 -5.171944565944599365e-02
5.870322232788476730e-03 -3.239290905683147453e-02 -1.201446889501417009e-01
1.339664498408042227e-02 1.729848451174994389e-02 -1.241187948211033704e-01
6.769395885271072694e-03 -4.210022261608333677e-02 -2.254592207650004676e-01
1.454962054908635893e-02 2.471700987154306500e-02 -2.295480081152042051e-01
6.569946547469496072e-03 -4.978423978413579198e-02 -3.620062015229456587e-01
1.775772927308114438e-02 3.048592506786267087e-02 -3.658236332069485508e-01
8.492519503631376643e-03 -5.902810778567126743e-02 -5.332073153864539394e-01
2.051608263889158693e-02 3.665462238259394739e-02 -5.358256281867884718e-01
1.341604370654259602e-02 -7.062131034690515008e-02 -7.423940235928260245e-01
2.808988345193284136e-02 3.916220952563291557e-02 -7.457669983926092927e-01
1.359672888982098489e-02 -7.842281260235269003e-02 -9.964462829682321221e-01
4.027321934981929058e-02 3.618634848230744411e-02 -9.987237657008631864e-01
1.731968354021504175e-02 -8.889791243062653003e-02 -1.298700897174205782e+00
5.351941664784683889e-02 3.025553383619844841e-02 -1.301398898375048852e+00
2.279513951316013490e-02 -9.851731609686721625e-02 -1.647399423276538766e+00
6.818360825318597884e-02 2.476362179695468929e-02 -1.650834577906169942e+00
3.059074035903138616e-02 -1.095091229850626152e-01 -2.053764811789617450e+00
8.547598560863653439e-02 1.716950722099063256e-02 -2.056585750244844579e+00
4.115236184923201646e-02 -1.223222738408887983e-01 -2.527858822121987092e+00
1.023545592160610834e-01 6.391434535384162875e-03 -2.530143278703131493e+00
5.147205849316537768e-02 -1.354051572102638323e-01 -3.075677071836520060e+00
1.218779540725326016e-01 -6.878550772264195937e-03 -3.077518485591775210e+00
7.460781838420565970e-02 -1.596197244576895991e-01 -3.717080770404208589e+00
1.452514324219461306e-01 -2.769301717271517582e-02 -3.719017215144907684e+00
9.960995219560273006e-02 -1.846937731527748539e-01 -4.456424230945282616e+00
1.679512251715074844e-01 -4.762193415175398209e-02 -4.455917649808601944e+00
1.260936881278971744e-01 -2.112346260613752469e-01 -5.304910103680972711e+00
1.959524414922790836e-01 -7.431119466666631646e-02 -5.303442611799664697e+00
1.565240648103948251e-01 -2.475354258478303648e-01 -6.336776682302038388e+00
2.209387249500288641e-01 -1.036894774330874291e-01 -6.336204354440380548e+00
1.928541472111948152e-01 -2.737912658344353045e-01 -7.615874561508916507e+00
2.387121465848832114e-01 -1.357804100165500294e-01 -7.616435227092026139e+00
2.181242803792575180e-01 -2.795624031780072349e-01 -9.022353900744935373e+00
2.590701810457522458e-01 -1.749769708347536368e-01 -9.022185725071921070e+00
0.000000000000000000e+00 0.000000000000000000e+00 0.000000000000000000e+00
0.000000000000000000e+00 0.000000000000000000e+00 0.000000000000000000e+00
9.655929179114383643e-03 -1.250517463969541034e-02 -2.907609747968982472e-02
-1.085246703157738277e-04 4.767239319062286512e-03 -3.041152736358173486e-02
8.725634994494899099e-03 -1.750181391459932831e-02 -9.148135032370860453e-02
1.380878748365438075e-03 7.988684042349813996e-03 -9.237835556601455000e-02
8.522421589170912221e-03 -2.374275969961968727e-02 -1.904578047048828271e-01
4.429676597694373608e-03 1.262414103856979684e-02 -1.909090349024124278e-01
8.721014720095766892e-03 -3.222617053788640051e-02 -3.409699332119570103e-01
8.509950746665936178e-03 1.427266917306073760e-02 -3.402948030179988592e-01
1.001800615885187727e-02 -4.453249826214421281e-02 -5.361377485074789728e-01
1.730181912653315848e-02 1.160435467398663288e-02 -5.352602856365652473e-01
1.322926576383380570e-02 -5.472971536514646684e-02 -8.086900823036321517e-01
2.461702643018338563e-02 8.669348959502510762e-03 -8.092485997864616865e-01
1.792200966173504093e-02 -6.523508297213870266e-02 -1.136076075028948695e+00
3.595595403921431760e-02 2.562094300408141508e-03 -1.136049201715181756e+00
2.648726700688944918e-02 -7.595939747953614485e-02 -1.518955095057336280e+00
4.835077181901982490e-02 -4.972096899183800836e-03 -1.518914305704384571e+00
3.668483021351495732e-02 -8.837434029117706424e-02 -1.961191601585018818e+00
6.167868873049555528e-02 -1.551015107392651922e-02 -1.961024406978886248e+00
4.830488433353649635e-02 -1.013349340630042700e-01 -2.469457381172223354e+00
7.808406603718132111e-02 -2.914488041172672017e-02 -2.469327317361112328e+00
6.118082150198612262e-02 -1.125131055096319221e-01 -3.028291591689021622e+00
9.531548340991373436e-02 -4.449513048888442679e-02 -3.028078160379137795e+00
8.663561966119105728e-02 -1.375771317062665644e-01 -3.686047895698178145e+00
1.155712886579623039e-01 -6.456657488434928982e-02 -3.685575573090093648e+00
1.121337048542726533e-01 -1.583886200615535478e-01 -4.408175088980807566e+00
1.418503088380832222e-01 -8.750586935075445327e-02 -4.407362714091481060e+00
1.388406401945591062e-01 -1.812750990639373505e-01 -5.239413236413231978e+00
1.670566654166155407e-01 -1.096419820860346506e-01 -5.238757255223980280e+00
1.720185009896662287e-01 -2.107681258461028551e-01 -6.259427088832937081e+00
1.958997512313331302e-01 -1.362023839937752112e-01 -6.259106810827125500e+00
2.040580314824557706e-01 -2.361450452173272652e-01 -7.481116721088127974e+00
2.241190067519268914e-01 -1.654579517903125851e-01 -7.481202081585856867e+00
2.281495989607310315e-01 -2.517803204586140375e-01 -8.942378449423934228e+00
2.458258506197058824e-01 -1.993295075958328444e-01 -8.942538018862869365e+00
0.000000000000000000e+00 0.000000000000000000e+00 0.000000000000000000e+00
0.000000000000000000e+00 0.000000000000000000e+00 0.000000000000000000e+00
