3.863882550538504802e+03
0.000000000000000000e+00
0.000000000000000000e+00
2.272704185168479185e+01
1.364565490724785612e-01
3.700440652332680003e+01
0.000000000000000000e+00
2.545964956149513370e+01
0.000000000000000000e+00
4.544958667502580596e+01
0.000000000000000000e+00
4.798540534662961932e+00
0.000000000000000000e+00
4.301383634251781984e+01
0.000000000000000000e+00
2.319282337748640543e+01
0.000000000000000000e+00
4.253731311835459650e+01
0.000000000000000000e+00
8.927443956938320753e+02
0.000000000000000000e+00
2.877865644336199935e+01
0.000000000000000000e+00
2.893087890193352862e+01
0.000000000000000000e+00
7.478636667997392351e+02
0.000000000000000000e+00
1.601012268565584051e+01
0.000000000000000000e+00
1.539258447643818215e+02
0.000000000000000000e+00
1.046176767710466038e+02
0.000000000000000000e+00
3.632148263948414169e+00
0.000000000000000000e+00
4.870534329033296217e+01
3.948299018339120336e-01
0.000000000000000000e+00
3.871488521615131795e-01
0.000000000000000000e+00
3.673417583463299829e-01
0.000000000000000000e+00
4.293598777444803671e-01
0.000000000000000000e+00
5.138493628858202822e-01
0.000000000000000000e+00
6.278140858908097810e-01
0.000000000000000000e+00
7.788627695218081071e-01
0.000000000000000000e+00
6.991905657306056732e-01
0.000000000000000000e+00
8.837585833548502467e-01
0.000000000000000000e+00
1.185893757756684597e+00
0.000000000000000000e+00
1.799601693476248876e+00
0.000000000000000000e+00
3.189820956287186871e+00
0.000000000000000000e+00
5.244779929852190214e+00
0.000000000000000000e+00
1.275349760234870899e+01
0.000000000000000000e+00
5.608433062398778901e+01
0.000000000000000000e+00
3.846370519273023802e+01
0.000000000000000000e+00
8.816779186672346214e+02
0.000000000000000000e+00
4.426197498649372952e-01
0.000000000000000000e+00
3.737395641395355184e-01
0.000000000000000000e+00
6.564157835219330828e-01
0.000000000000000000e+00
1.746633097442370053e+00
0.000000000000000000e+00
6.848710808331525790e+00
0.000000000000000000e+00
4.634730907428648017e+00
0.000000000000000000e+00
8.996913758530062921e+00
0.000000000000000000e+00
7.292635962182783871e+00
0.000000000000000000e+00
1.655565455405164244e+01
0.000000000000000000e+00
1.664174263350977157e+01
0.000000000000000000e+00
2.462780272062984110e+01
0.000000000000000000e+00
1.024672282202277984e+03
0.000000000000000000e+00
7.230119127681489317e+02
0.000000000000000000e+00
8.698776064648249076e+02
0.000000000000000000e+00
1.156854241343134390e+03
0.000000000000000000e+00
9.728891476797199402e+02
0.000000000000000000e+00
6.814619791792409842e+02
1.446246427028018218e+02
2.758160626664816650e+00
4.948026378804143199e+00
3.210762394746321302e+00
2.826720640531509066e+00
1.366156404029829297e+00
2.195502231550210404e+00
1.035330586506952866e+00
1.514502618152784086e+00
2.661691220286919624e+00
1.996272978049296931e+00
1.463166739141180672e+00
1.055704153040131876e+00
1.960212317146512007e+00
0.000000000000000000e+00
0.000000000000000000e+00
0.000000000000000000e+00
5.324864939922621332e+00
0.000000000000000000e+00
5.754581577271301596e-01
3.656783932867173070e-01
1.734607087301361927e-01
0.000000000000000000e+00
0.000000000000000000e+00
2.636224328327635202e+00
0.000000000000000000e+00
0.000000000000000000e+00
0.000000000000000000e+00
0.000000000000000000e+00
0.000000000000000000e+00
0.000000000000000000e+00
0.000000000000000000e+00
0.000000000000000000e+00
0.000000000000000000e+00
4.208736679436270722e-01
5.641709154193879083e-01
8.005360103842148689e+00
0.000000000000000000e+00
1.993007050490075756e+02
0.000000000000000000e+00
1.755295694521463759e+02
0.000000000000000000e+00
1.565820126949328426e+02
0.000000000000000000e+00
1.455939948351612827e+02
0.000000000000000000e+00
6.511174468569449800e+02
0.000000000000000000e+00
8.067123373235007193e+02
0.000000000000000000e+00
5.534002914940748497e+02
0.000000000000000000e+00
4.987359600471222052e+02
0.000000000000000000e+00
6.903419977690973610e+02
0.000000000000000000e+00
7.226307819762862437e+02
0.000000000000000000e+00
1.085972727745222755e+03
0.000000000000000000e+00
2.210728723233287241e+01
0.000000000000000000e+00
3.746270449248084944e+00
1.890470764960218597e+00
1.372755042327467301e+01
2.018055464204986649e+01
7.127065817575461892e+01
0.000000000000000000e+00
4.091048537998120338e+01
0.000000000000000000e+00
4.387549121422657663e+02
0.000000000000000000e+00
1.902736672016189701e+01
0.000000000000000000e+00
2.796304225007225419e+00
0.000000000000000000e+00
3.338947578392323479e+00
0.000000000000000000e+00
8.170513975397298845e-01
1.299232962864137875e+01
1.344377079339592562e+01
0.000000000000000000e+00
7.448417847815349546e+00
0.000000000000000000e+00
8.243943437113584238e+00
0.000000000000000000e+00
1.150092788046880266e+01
0.000000000000000000e+00
2.804409696525857498e+01
0.000000000000000000e+00
6.702454027046910845e+00
0.000000000000000000e+00
1.045111611120259113e+03
0.000000000000000000e+00
2.687321411287947370e+01
1.340511901432966391e-01
1.330518161239533192e+01
4.601830715991119813e-01
4.142738174581569410e+01
2.695776247616406551e-01
3.438538632955217622e+01
2.144396253739802027e-01
1.040907136629776687e+03
0.000000000000000000e+00
2.540447765746026562e+03
1.397457058130771429e+03
1.419119692338047116e+03
1.161460530743651987e+01
1.029214875838839482e+01
1.372735051275895479e+01
0.000000000000000000e+00
3.108907860458045320e+02
0.000000000000000000e+00
1.847997401948298446e+01
0.000000000000000000e+00
1.801247520314633448e+02
0.000000000000000000e+00
2.218380794720585669e+01
0.000000000000000000e+00
1.055657220488149505e+03
0.000000000000000000e+00
1.674268009272749396e+02
3.311583503010625318e+00
4.159046687358305121e+02
9.341130125542711937e+00
1.976265674289646483e+02
0.000000000000000000e+00
1.766035729016681159e+02
2.697745573768733962e+01
8.893323667081427519e-01
4.914639413446200145e+00
0.000000000000000000e+00
8.302021370712049375e+00
3.493692742477601882e+02
8.882778147173462457e+01
0.000000000000000000e+00
4.114143067320988933e+01
0.000000000000000000e+00
1.964391220850213315e+01
0.000000000000000000e+00
0.000000000000000000e+00
1.227895319791508513e+02
1.324135593574268796e+03
0.000000000000000000e+00
0.000000000000000000e+00
4.548298134876724248e+02
6.940300630899920407e+02
0.000000000000000000e+00
0.000000000000000000e+00
1.618612296832394648e+01
1.115292039248293179e+02
0.000000000000000000e+00
0.000000000000000000e+00
7.907598231097010100e+00
9.050216332429724275e+01
0.000000000000000000e+00
0.000000000000000000e+00
2.416852775060202063e+01
6.291104067403681110e-01
0.000000000000000000e+00
5.750214390992057645e+01
5.466225765718661775e-04
0.000000000000000000e+00
2.739342975583312079e-01
1.375018085853819905e+01
0.000000000000000000e+00
0.000000000000000000e+00
4.254668853921943850e+01
1.778707779942141798e+01
0.000000000000000000e+00
0.000000000000000000e+00
1.841570053851577882e+01
1.949177375699254711e+01
0.000000000000000000e+00
0.000000000000000000e+00
1.236006661149090746e+01
3.606383607691635973e+01
0.000000000000000000e+00
0.000000000000000000e+00
1.495963646184333484e+01
1.615880829159524410e+03
0.000000000000000000e+00
0.000000000000000000e+00
2.749015789638028764e+02
3.058667287523436862e+00
1.562450815892364972e+03
0.000000000000000000e+00
1.864734330368495563e+01
4.177272151917361676e+00
1.308041138868010421e+03
0.000000000000000000e+00
1.130990190006470186e+01
9.364769551154786598e+00
1.646758127910698022e+03
0.000000000000000000e+00
3.150746651396168385e+00
1.533376563463258080e+01
2.649216643175765057e+03
0.000000000000000000e+00
6.647448800430305837e+00
9.772420132867996045e+00
1.995911364330569995e+03
0.000000000000000000e+00
0.000000000000000000e+00
4.183673906947615251e+01
3.189411133349844363e+01
0.000000000000000000e+00
3.548216619014124262e+01
1.007517145109305012e+00
0.000000000000000000e+00
6.914535065454961114e+02
0.000000000000000000e+00
