1.173547941189996891e+04
6.937673646778564944e+03
5.499195237617470411e+03
4.621175082925955394e+03
3.969718194300200594e+03
3.439281711441122297e+03
2.981099699634256012e+03
2.567172579139238223e+03
2.177200654644308997e+03
1.792206433214332492e+03
1.386445856810254327e+03
9.013531378084842345e+02
1.291632259865841661e+04
6.892830089794424566e+03
5.288545278608795343e+03
4.394234490772752906e+03
3.758130163525347598e+03
3.249891655419279687e+03
2.814247934954744778e+03
2.421501134460208050e+03
2.051027734719323234e+03
1.684154076514382268e+03
1.296056942170439243e+03
8.327402086483368748e+02
1.352975653461749971e+04
6.932483758965705420e+03
5.181255504690465386e+03
4.243141354705324375e+03
3.599293632338492898e+03
3.097127070950095913e+03
2.673238989939182375e+03
2.294483796599789002e+03
1.938981066988762450e+03
1.587883307214475963e+03
1.217649203067465123e+03
7.789575349002933535e+02
1.380428659851360862e+04
6.934255333578536920e+03
5.096544361843148181e+03
4.125268149677273868e+03
3.471710140876261903e+03
2.971144744898253975e+03
2.554659872073140377e+03
2.186231526823457443e+03
1.842966515752091709e+03
1.505898188981745534e+03
1.152270656096357470e+03
7.359646272970227301e+02
1.385868268216328943e+04
6.882486791438195723e+03
5.005572179049647275e+03
4.017694320137567956e+03
3.359664492783705100e+03
2.861659948066997003e+03
2.451765950474952206e+03
2.092458870634511186e+03
1.760144810147692397e+03
1.435762031890703611e+03
1.097316223797629846e+03
7.004855145841283957e+02
1.375583211358819972e+04
6.780805621199916459e+03
4.898887768376362146e+03
3.909645060768134499e+03
3.254109703360242293e+03
2.761564041208092476e+03
2.359263065339784589e+03
2.009141784230074336e+03
1.687313777022516433e+03
1.374810415389935088e+03
1.050108373587350798e+03
6.703526024311416904e+02
1.353329606148711173e+04
6.636077901915683469e+03
4.774621276993221727e+03
3.796521205511632161e+03
3.150176160773517495e+03
2.666623814667580064e+03
2.273600091215635075e+03
1.933293102817937552e+03
1.621940613163824310e+03
1.320789392054391783e+03
1.008703877115630917e+03
6.442070543245590670e+02
1.321657480798061079e+04
6.455415770336153400e+03
4.634132745130810690e+03
3.677314903827113540e+03
3.045771984017129853e+03
2.574330325082165928e+03
2.192356245810438395e+03
1.862678471389342803e+03
1.562065907270040952e+03
1.272082032101806817e+03
9.719767370893869156e+02
6.212232099866486124e+02
1.282541780321240185e+04
6.246974983518490262e+03
4.481089802687781230e+03
3.552979861396596334e+03
2.940180781351680707e+03
2.483232658784891100e+03
2.113787603188364301e+03
1.795700629411312548e+03
1.506263136951935394e+03
1.227541438861378765e+03
9.390478246624677467e+02
6.011394074156293073e+02
1.238151335579893203e+04
6.022989924969730055e+03
4.321009137860176452e+03
3.424161092097790061e+03
2.832415424737956528e+03
2.391981550573787899e+03
2.036459487857866179e+03
1.730935187410850403e+03
1.453521443176204912e+03
1.186497529286468762e+03
9.099276291407495592e+02
5.844675120928411616e+02
1.195386269770303625e+04
5.795108259761090267e+03
4.143787917187938547e+03
3.282507506164729421e+03
2.716880080781622382e+03
2.296431360412055710e+03
1.957314688136792256e+03
1.666157945941707339e+03
1.401978664416723177e+03
1.147990868033776906e+03
8.847607934582963480e+02
5.733209975001359453e+02
1.164630192773330600e+04
5.654909904774803181e+03
4.065525853485934931e+03
3.228636515359764871e+03
2.674804017341547024e+03
2.260968656771934548e+03
1.926341771354292632e+03
1.638213130088113758e+03
1.376428169784993315e+03
1.124319389660116258e+03
8.624663928375343858e+02
5.527885318352547301e+02
1.132889477734552747e+04
5.488807842443447043e+03
3.942382783556729919e+03
3.127132959765704527e+03
2.586866099685805239e+03
2.182578243138279959e+03
1.854970636817167360e+03
1.572641349821983340e+03
1.315808125989119617e+03
1.068625954313744160e+03
8.134732619510896257e+02
5.172675865304621539e+02
1.101776992551697003e+04
5.326394761439141803e+03
3.820838911456343794e+03
3.026775091572559177e+03
2.500111082435720164e+03
2.106001447047365673e+03
1.786421501872446015e+03
1.511166617125590847e+03
1.261066671735591399e+03
1.021486914738328664e+03
7.760158522411334161e+02
4.931864318515077912e+02
1.070757362587951138e+04
5.167852415204814861e+03
3.701740673299217178e+03
2.928859198971202204e+03
2.416305426676060051e+03
2.032478983480000124e+03
1.721661978684055384e+03
1.454143142352327004e+03
1.211907282218291130e+03
9.806088682205861460e+02
7.444976294840778337e+02
4.731425074255897698e+02
1.039768158009843137e+04
5.008624460641914084e+03
3.584003917963815184e+03
2.832739005842551705e+03
2.334535473930559419e+03
1.961712353122250761e+03
1.659985322872735424e+03
1.400818615658416093e+03
1.166515631464657645e+03
9.433172637800822713e+02
7.159601950920679201e+02
4.550238278762848836e+02
1.008109553221534406e+04
4.848906584917735017e+03
3.466777577143268445e+03
2.737608350339161916e+03
2.254260793429696150e+03
1.892813963189438255e+03
1.600484329170649971e+03
1.349719576212906759e+03
1.123412338584775171e+03
9.081088336884200771e+02
6.890657789965003985e+02
4.378711927289220398e+02
9.759744590246498774e+03
4.688644657044808810e+03
3.349401023442143924e+03
2.643097258145070100e+03
2.174979677607860140e+03
1.825075991807843366e+03
1.542380458557621068e+03
1.300055274290683428e+03
1.081626961789504776e+03
8.740642728490477111e+02
6.630457142227758141e+02
4.212516223518434799e+02
9.434625970254692220e+03
4.526527470319588247e+03
3.231638319228567070e+03
2.548743937559057485e+03
2.096151892249913089e+03
1.758083763985197038e+03
1.485047414763023198e+03
1.251224378479382949e+03
1.040589400311098188e+03
8.406379253582657611e+02
6.375704286342596561e+02
4.050018946221308056e+02
9.104205370123010653e+03
4.362857327884937149e+03
3.113128275924151694e+03
2.453974914379497477e+03
2.017297085129434208e+03
1.691190458041997999e+03
1.427936893744168628e+03
1.202677476572433534e+03
9.998851866486365907e+02
8.074834529564340073e+02
6.122586247409301450e+02
3.888420609385721605e+02
8.770169163004813527e+03
4.197638174585093111e+03
2.993677379558168013e+03
2.358773362283464849e+03
1.938223932226618444e+03
1.624133462660327041e+03
1.370837055649607692e+03
1.154142370205940097e+03
9.591856323233347439e+02
7.744166700036058728e+02
5.869954963656333575e+02
3.726835051600516522e+02
8.429228855177072546e+03
4.030116340020277221e+03
2.872820161854935122e+03
2.262560079446875079e+03
1.858410927402958805e+03
1.556675093259402729e+03
1.313356314686385986e+03
1.105373983672683607e+03
9.183073069775784916e+02
7.411480454860197824e+02
5.616036655195332514e+02
3.564834766757442708e+02
8.084146201843946983e+03
3.860377629998998145e+03
2.750467236971317107e+03
2.165321003650772582e+03
1.777798493652984234e+03
1.488574030723032820e+03
1.255373076233690654e+03
1.056154755896495544e+03
8.770992289196464071e+02
7.076112840294287025e+02
5.359972097866261720e+02
3.401098254351472860e+02
7.733526770586478051e+03
3.688248481184955381e+03
2.626694890011455300e+03
2.066951718542689378e+03
1.696284643096712443e+03
1.419642957823629558e+03
1.196798369185462207e+03
1.006399271398381984e+03
8.354077766348791556e+02
6.736946725786681327e+02
5.101035497392124398e+02
3.235611594895225949e+02
7.376023837440823627e+03
3.513420661855624530e+03
2.500965848076697512e+03
1.967036255337942748e+03
1.613541220697782819e+03
1.349819045013081904e+03
1.137320400144183395e+03
9.559311618440083294e+02
7.931088074642140100e+02
6.392736149820509581e+02
4.838253421592874020e+02
3.067486247696972441e+02
7.011991079101937430e+03
3.335874127895629499e+03
2.373245935348212242e+03
1.865604656161528283e+03
1.529477928796354263e+03
1.278807685715148409e+03
1.076834023896907411e+03
9.045595774393045758e+02
7.500793303768813303e+02
6.042112225235132428e+02
4.570132990569820777e+02
2.895831809044726697e+02
6.642263677856859431e+03
3.155016718271975606e+03
2.243185160899553011e+03
1.762367869265253375e+03
1.443910877637962813e+03
1.206418910063625162e+03
1.015207079476344006e+03
8.521549700419174087e+02
7.060955838537709042e+02
5.683517800734142611e+02
4.295739107935725656e+02
2.720219251093561752e+02
6.264021771164553684e+03
2.970744007081590098e+03
2.110867728475545846e+03
1.657058710175223268e+03
1.356559610709820618e+03
1.132482299682660596e+03
9.521245472586148253e+02
7.984940183272724425e+02
6.609814333342782220e+02
5.315423934966589741e+02
4.013455479765856353e+02
2.538940499944835381e+02
5.878134245015829947e+03
2.783114117848242586e+03
1.975599945830928164e+03
1.549406487817852849e+03
1.267006608493130898e+03
1.056559295695940364e+03
8.872755442145002007e+02
7.431751910176960791e+02
6.144135632434278023e+02
4.934049639554592659e+02
3.720617015673627748e+02
2.351008278399571623e+02
5.481808950669666046e+03
2.590599731365712614e+03
1.836835558062753535e+03
1.438600685544273119e+03
1.174795087784155157e+03
9.780691309517630998e+02
8.200183692943218148e+02
6.856177261349405399e+02
5.657557908699141080e+02
4.534974282512666832e+02
3.413175792694605661e+02
2.152774682698228048e+02
5.074395334197264674e+03
2.392370079433012506e+03
1.693554133482328552e+03
1.323797224748782810e+03
1.078772695301184513e+03
8.960636100208535026e+02
7.493838124919558368e+02
6.248797878466865541e+02
5.142292780692218912e+02
4.109876077448688534e+02
3.084310013425500188e+02
1.939999536249701748e+02
4.651958450773547156e+03
2.187005017205630338e+03
1.544198060190785554e+03
1.203357966761620901e+03
9.772807150353991119e+02
8.087175161483280590e+02
6.735534632496108998e+02
5.592488047768331398e+02
4.581350003514413629e+02
3.644727021429458205e+02
2.723055281591996959e+02
1.705647361556871715e+02
4.209049331431770952e+03
1.970409718515712029e+03
1.384921116465019395e+03
1.073559580758029824e+03
8.665871313506895603e+02
7.124350251084073307e+02
5.891000484346087660e+02
4.854477862777499126e+02
3.946163204522507044e+02
3.115672510073391095e+02
2.310328275199160259e+02
1.437441088516770833e+02
3.732439576337809740e+03
1.734366305337274753e+03
1.208442731995091435e+03
9.267650729554834470e+02
7.391527620576969184e+02
5.996854938713040610e+02
4.891614097285485627e+02
3.975583921695441063e+02
3.188286116926349791e+02
2.485009943448117156e+02
1.821476649552192271e+02
1.122088366467880860e+02
3.191047713163379285e+03
1.458019027727519870e+03
9.934723884713764619e+02
7.420378929881824206e+02
5.752624356249666562e+02
4.537049123657183713e+02
3.603196062607637487e+02
2.858920665007922821e+02
2.245640991937920319e+02
1.720030817737957705e+02
1.242425287930871178e+02
7.566833777182121423e+01
2.467220650912244764e+03
1.054803955796366154e+03
6.595578143775909439e+02
4.540435612300466914e+02
3.297693652511435971e+02
2.480522111999053436e+02
1.906288304105135012e+02
1.479572852310252244e+02
1.145032518233137324e+02
8.681254875737570842e+01
6.232793674249044358e+01
3.786240860290907762e+01
