4.108138195666354853e-01
-1.521502565361870915e-03
-2.478163024898690989e-02
1.967648541643850502e-01
-7.244902257932676198e-03
1.638221059546585423e-01
-3.908976856886964973e-02
1.634011523897269114e-01
-5.191621366135804744e-02
1.588685370047788481e-01
2.519916768344173524e-02
7.587791003622350317e-02
-1.115407745121871352e-02
1.544480604724010886e-01
-2.275636143936257336e-02
2.572681004003309346e-01
3.263490863599122910e-02
2.055998676862081098e-01
-4.179938756768922237e-02
1.992607443541714596e-01
4.395750402903558091e-02
2.034729833843217095e-01
-1.408085830070476656e-02
2.201934567004215637e-01
-6.470071760884066325e-02
2.567285657812813926e-01
-5.274449807598605849e-02
1.365519439222900033e-01
-4.356225793374562255e-02
2.429880533845488189e-01
-3.273403798973070766e-02
2.278840996609776959e-01
-3.902893419428751093e-02
4.817898770325192148e-02
-3.541523880068949554e-02
9.933480347039602698e-02
6.229421615993967487e-01
-6.102787267845508623e-01
5.887158583517511090e-01
-5.257224479034362519e-01
5.270559476720083625e-01
-5.242274916283724551e-01
5.240710647371820130e-01
-5.259130890309919870e-01
5.217879599189337858e-01
-5.287255524640863680e-01
5.246846546543219025e-01
-4.533565829085188792e-01
5.171519917086900842e-01
-3.756213293338007686e-01
4.297075787996909035e-01
-4.298613706799158107e-01
4.158549763411474864e-01
-4.240132320441336033e-01
4.069400182015468492e-01
-3.197599566832733387e-01
4.169972753278303190e-01
-3.049103917431786881e-01
4.276945429485961570e-01
-2.122082003834157293e-01
3.864513610339057048e-01
-2.266147750311578446e-01
3.366075179106722270e-01
-1.959228728142925757e-01
4.003577407311338932e-01
-1.403740018715245175e-01
2.407569983503355937e-01
-6.958713540580334367e-02
8.879328918855351749e-02
-2.940813126917283041e-02
5.492382109235444121e-01
-3.695946595511130361e-01
4.224601763814724853e-01
-3.247824546198484486e-01
4.401474692540937039e-01
-4.691246224209306148e-01
5.276456739099213422e-01
-3.345145251010973597e-01
5.715552431734564065e-01
-2.660143788236254414e-01
4.782407152864285860e-01
-2.132190980257858415e-01
3.802257996313318511e-01
-1.628257069482302866e-01
2.632261290337887805e-01
-1.155891119677008444e-01
2.771755874963747757e-01
-7.452511401871153573e-02
3.142244400352278699e-01
-6.153677900003977352e-02
2.308328740018463499e-01
-5.179848156973904799e-02
2.439245501173132880e-01
8.933485671059698818e-03
2.166118282291175645e-01
-3.831745402311442783e-02
2.206186910159221859e-01
-6.433321629549555720e-02
2.230510393797739688e-01
-4.939172286395139555e-02
1.515121176890329158e-01
-3.936299897436299627e-02
1.218730933239376701e-01
9.816197644326334071e-02
8.717951680746371945e-01
9.617781694055895780e-01
9.942385045939244881e-01
8.873367590335163868e-01
5.898815405941838508e-01
7.248740811813959573e-01
4.771945375000166689e-01
5.458764823820422274e-01
6.784940821938278965e-01
5.496302173141244252e-01
4.416435258051992774e-01
3.445364748908325558e-01
3.867873303075090030e-01
-2.352902395773684430e-02
-1.977726488373302838e-01
-7.658544542471511229e-02
1.564329639585689546e-01
-8.571458630307553228e-03
6.080257789617301567e-01
3.977052876901854828e-01
1.953860281281930289e-01
-1.729470245554343977e-01
-2.978668270128726481e-01
3.257065210700595403e-01
8.799174077288196560e-03
3.577678500809697900e-03
-4.857481801350069239e-02
-5.271532853074033242e-02
-1.207388503366734478e-01
-5.565704607528676549e-04
-1.626119253892647776e-01
-1.579286739239176840e-01
-4.541172027223256552e-02
6.869302987751556289e-02
5.370199479574164908e-02
7.872189559647746471e-01
-3.281931696436832246e-01
9.003961990198161569e-01
-4.101390951668187901e-01
7.856832077804741798e-01
-3.951314894890519125e-01
6.668614386923714665e-01
-3.917530395716231073e-01
5.841968503345096320e-01
-3.685425428748022592e-01
5.561588683387128640e-01
-3.152336408896195818e-01
5.869717678281866080e-01
-3.289991095414628308e-01
4.359794715771228568e-01
-2.955645922091155731e-01
3.758159131319447899e-01
-2.624770450325089044e-01
4.158591425612763737e-01
-2.539520659023233318e-01
3.909223787497717040e-01
-2.329717401516089859e-01
4.420335414713181255e-01
-1.984047168490245538e-01
3.124540998985297358e-01
-1.440043052125145329e-01
1.737125062357161298e-01
-4.439413685930025666e-02
2.453945747942598288e-01
2.832649632642548609e-03
2.333235050088429408e-01
-6.344313380214039455e-02
8.404880878070693229e-02
-2.395742403579020560e-02
5.875255814729805071e-01
-3.709799397880398364e-01
4.961839888615945937e-01
-3.296239258560508256e-01
2.967817364470001218e-01
-2.832668161923479477e-01
3.564138388450575068e-01
-1.726441910489209253e-01
2.259520797001422221e-01
3.884880528690675544e-02
4.060146192166161350e-01
-1.512089575606608283e-01
3.157370780295438162e-01
-9.310742156987729390e-02
2.335357900791661390e-01
-9.017425716482052600e-02
2.432802568330946769e-01
-4.752417650726058901e-02
3.113003898054312324e-01
-6.679755883692370388e-02
2.142375873900115857e-01
-4.191442702236237300e-02
2.912848618697430059e-01
-4.399970479909014881e-02
1.886768353142812271e-01
-1.434405246828690701e-02
1.598057205643840795e-01
-7.646577153453954293e-03
1.801103118406218451e-01
-8.684910813337162055e-03
1.169109293178761666e-01
-5.069449963089425228e-03
2.514388833430150072e-01
-3.152825090474686148e-02
1.998627757336080835e-01
2.222592250103712919e-01
9.609631656744668793e-02
1.104533186798020983e-01
6.022504055312288829e-02
1.274076711841439502e-01
-2.426426232754595735e-02
1.736744120131774594e-01
-3.360667813106518742e-02
1.492689112294903198e-01
-5.770905486199045392e-02
1.686608583275531759e-01
3.128231357195140633e-03
1.575195607000269837e-01
8.625493240836104580e-02
1.561253851757377908e-01
1.328473806532007029e-01
1.159244224261394424e-01
1.165467166447437392e-01
4.834843759630915588e-02
1.911167141683464132e-01
5.836963621489775489e-02
8.304689018397508338e-02
1.232327312509348821e-01
2.119860462885265473e-01
-1.778682545537100049e-02
9.568187723653745480e-02
-2.006497223154299694e-02
1.090338094954287906e-01
7.547458911186902264e-02
1.959432004567277230e-01
-1.109145871743630676e-02
3.771214870982464440e-02
-2.387604705433735500e-02
6.965852290670089542e-02
-7.180664149409300701e-03
-2.858750828728867394e-03
5.193278680018824645e-01
9.481951225880815015e-02
-6.260349679817460433e-02
-6.109317157563114858e-02
1.930086589749801795e-01
2.310456292709100468e-01
-6.145009154966907250e-02
-2.200334388550590284e-02
1.456997798959317747e-01
1.563998724828954412e-01
-5.091489270352779484e-02
3.287752748899900462e-02
7.878959366009501142e-02
1.393787408184989363e-01
-3.571784405906456433e-02
7.507627657598055226e-02
1.185050621586122843e-01
-6.844233103226318032e-03
4.317348241230087313e-02
2.446152107650053920e-01
-3.395318418163270624e-02
-2.444068689377488363e-02
6.462505896466747002e-02
2.094938377797136431e-01
-3.295036546281965295e-02
-3.935087640675812015e-02
2.371665943381829067e-01
2.236711197786165062e-01
-4.511617116983721032e-02
-4.958064387753559343e-02
2.557868515784399999e-01
2.360345599358557589e-01
-4.791279448361560750e-02
-5.070871322168327144e-02
1.912215103969024665e-01
2.707807732505481679e-01
-3.854731052483247045e-02
-4.484833759259714003e-02
1.872806581119076663e-01
2.986182608863812704e-01
-4.662566804277732541e-02
-4.469191319643853882e-02
1.697690485700248109e-01
1.043548661835436570e-01
1.667852928883208352e-01
-2.524155484250983211e-02
2.062520434601716190e-01
9.892073021815045442e-02
1.684834052300529794e-01
-3.996682706892604880e-02
9.621373357831489170e-02
1.037016558970264846e-01
2.009766687645401506e-01
-2.999094277528875988e-02
2.777911034002092036e-02
1.052138733022522088e-01
3.140375911295618661e-01
-2.103693899839094439e-02
4.285917840306145005e-02
6.069918794621500385e-02
2.385501799148573576e-01
-2.469530486178133852e-02
4.587597460554175208e-03
9.847581247994105502e-02
7.005912406368838830e-02
-9.728286035231240719e-03
9.410396019743441642e-02
6.998758870280255007e-01
-6.504001030609560807e-01
4.643752034544424423e-01
-3.184633866309692918e-01
