-4.095810828529686774e-03 1.290799938257871683e-02 3.220980295523877962e-02
-2.678257404924843082e-03 -6.757415808468455500e-03 3.572567251131177762e-02
-2.849775287190192338e-03 1.662296528612110941e-02 7.297904356587531227e-02
-6.184501238191397396e-03 -8.565380064169970595e-03 7.665924884181460341e-02
-3.569075421606862381e-03 2.128486226208861284e-02 1.297865306185926326e-01
-6.821090049836137960e-03 -1.159411655024707860e-02 1.333856813539420205e-01
-3.978698357913107268e-03 2.491132232184681272e-02 1.997130454458211357e-01
-8.466566540905639746e-03 -1.357072909149917642e-02 2.027420219413904046e-01
-4.388990111038067361e-03 2.825334001340001899e-02 2.832616743171275098e-01
-1.039954720360874996e-02 -1.508476844631396682e-02 2.851534875094908772e-01
-6.211593689114718909e-03 3.243080129959016733e-02 3.805033583718174794e-01
-1.373039170563543701e-02 -1.522969724764570293e-02 3.826784580867673147e-01
-6.374508472414748030e-03 3.502512769186127278e-02 4.934190725528765364e-01
-1.814869729034451415e-02 -1.357456737394265207e-02 4.947524526416973711e-01
-7.943667816380365829e-03 3.836573533522348589e-02 6.220430228060285227e-01
-2.354957004936583664e-02 -1.014156120568558521e-02 6.234556191827270721e-01
-1.059672252497804307e-02 4.152960484232629673e-02 7.645957254885663579e-01
-2.881365651051913737e-02 -7.023729673788362167e-03 7.662114302314353420e-01
-1.342938833697755741e-02 4.440798021421069053e-02 9.232372862594919738e-01
-3.443025739539175289e-02 -3.279570183421163989e-03 9.244326538390714720e-01
-1.770877603031312600e-02 4.802198267318877334e-02 1.099193829344284445e+00
-4.014733418719851343e-02 1.793726273258683954e-03 1.100063164684895733e+00
-2.202299786763709313e-02 5.143412167032852117e-02 1.291874813147570356e+00
-4.618278401962859492e-02 7.570834154814349085e-03 1.292481871736078203e+00
-2.909207780536816543e-02 5.676782008902628296e-02 1.502902834946837629e+00
-5.241664616824902312e-02 1.467584477307896408e-02 1.503504486170667453e+00
-3.666049078600283617e-02 6.182211695556558834e-02 1.730320586286132611e+00
-5.832957197258902687e-02 2.170299697643100420e-02 1.730288844292682260e+00
-4.464424345599797561e-02 6.647172157383705871e-02 1.973270739873529855e+00
-6.472576074036398563e-02 2.968771970935218593e-02 1.973044763125206158e+00
-5.336441181586551452e-02 7.183327552472217048e-02 2.238844706349820246e+00
-7.075429149168066534e-02 3.831057709785667259e-02 2.238773010385615603e+00
-6.272827285676747799e-02 7.586558656589592609e-02 2.527353920320844161e+00
-7.595717291087783485e-02 4.734361953935863759e-02 2.527468070746917039e+00
-7.141021619718292135e-02 7.787481757532528637e-02 2.823714391994593065e+00
-8.247051060970125858e-02 5.790939597177569009e-02 2.823709906926690660e+00
0.000000000000000000e+00 0.000000000000000000e+00 0.000000000000000000e+00
0.000000000000000000e+00 0.000000000000000000e+00 0.000000000000000000e+00
-4.333217468592586059e-03 6.803555028246664749e-03 2.120744566975377166e-02
-4.960867886276605371e-04 -2.341979444048409697e-03 2.241528861530221392e-02
-4.108889548379602262e-03 9.813836652866300345e-03 6.098396372811918514e-02
-1.604087368945266616e-03 -3.745728443134626467e-03 6.173137819188904973e-02
-4.139539326715816099e-03 1.302682789673269108e-02 1.178954163551083623e-01
-3.717353565740044719e-03 -5.473981452354215876e-03 1.182416683456485873e-01
-4.116649103522880375e-03 1.678525661615202363e-02 1.974046615402128280e-01
-5.477573724080938775e-03 -6.050975941290546480e-03 1.971167108350710684e-01
-4.646595336217949207e-03 2.112347556512828017e-02 2.953354130382569442e-01
-9.338598130537896502e-03 -4.596274097508768440e-03 2.948714012754289349e-01
-5.828921743116795458e-03 2.496353622303887007e-02 4.213262888201265710e-01
-1.219919585145233173e-02 -2.932118058400906991e-03 4.217987613902098865e-01
-8.599748377508190447e-03 2.887324471768142053e-02 5.652792829670504338e-01
-1.617676295048428234e-02 8.622651093776242999e-06 5.652911040414810850e-01
-1.191082527209862477e-02 3.210212236441405131e-02 7.234035408526455768e-01
-2.124532308430764418e-02 4.159954193034073530e-03 7.234079637639142524e-01
-1.619933165835365368e-02 3.595183767081773507e-02 8.946296569754828010e-01
-2.622901975982669734e-02 8.757695501600409882e-03 8.945748124367524090e-01
-2.041245989933476723e-02 3.996417201932055824e-02 1.082629060791775677e+00
-3.164441230193210108e-02 1.393408228462220469e-02 1.082575191455944275e+00
-2.568996506071459865e-02 4.388233494471299734e-02 1.282777522565847539e+00
-3.753706942841524008e-02 1.962801253684484659e-02 1.282667080692133643e+00
-3.348064284979231087e-02 4.931166015096199312e-02 1.498025706171805416e+00
-4.384644084173492523e-02 2.624967747324035913e-02 1.498025256719621501e+00
-4.082213089498643033e-02 5.420581046478475939e-02 1.723610863350337308e+00
-5.100336388224652878e-02 3.313013657769439679e-02 1.723496976391570845e+00
-4.842952189044127942e-02 5.920331380243801928e-02 1.965852501674142161e+00
-5.771346992538738813e-02 3.976060152678943804e-02 1.965758821200020767e+00
-5.694584245236884029e-02 6.464044450189346258e-02 2.230757223375116727e+00
-6.486132957665934062e-02 4.706566854281237638e-02 2.230735153101366386e+00
-6.545408225186193085e-02 6.940857965799239471e-02 2.514625870650137429e+00
-7.196940597477359536e-02 5.467511502847843124e-02 2.514651893331980581e+00
-7.373314666096980607e-02 7.368758633505895217e-02 2.821599624073825918e+00
-7.897592450455016844e-02 6.361641077212794315e-02 2.821614212080620021e+00
0.000000000000000000e+00 0.000000000000000000e+00 0.000000000000000000e+00
0.000000000000000000e+00 0.000000000000000000e+00 0.000000000000000000e+00
