0.000000000000000000e+00
3.244892586021302233e-02
5.314518089132614920e-01
0.000000000000000000e+00
1.390565620137437786e-01
0.000000000000000000e+00
7.505338035866018220e-01
0.000000000000000000e+00
5.414638333865856579e-01
0.000000000000000000e+00
0.000000000000000000e+00
0.000000000000000000e+00
2.869944216390653002e-01
0.000000000000000000e+00
5.021950645241335387e-01
0.000000000000000000e+00
0.000000000000000000e+00
0.000000000000000000e+00
6.515594624841949400e-01
0.000000000000000000e+00
0.000000000000000000e+00
0.000000000000000000e+00
1.920795456918753252e-01
0.000000000000000000e+00
2.292940160282934403e-01
0.000000000000000000e+00
1.807680807567198789e-01
0.000000000000000000e+00
1.499396837432420138e-01
0.000000000000000000e+00
1.260542177028519117e-01
0.000000000000000000e+00
2.739463061558403689e-01
0.000000000000000000e+00
1.278205678960784297e-01
0.000000000000000000e+00
0.000000000000000000e+00
1.887680542503392678e-01
0.000000000000000000e+00
1.626135413736135293e-01
0.000000000000000000e+00
1.801679557517972263e-01
0.000000000000000000e+00
2.033404937315337335e-01
0.000000000000000000e+00
2.336322723301163806e-01
0.000000000000000000e+00
2.003280516502149722e-01
0.000000000000000000e+00
1.659788604861799910e-01
0.000000000000000000e+00
2.659247028588561657e-01
0.000000000000000000e+00
3.278833014459419104e-01
0.000000000000000000e+00
2.472661452257735315e-01
0.000000000000000000e+00
3.143770628979583592e-01
0.000000000000000000e+00
2.187970594707907834e-01
0.000000000000000000e+00
3.689219554996860384e-01
0.000000000000000000e+00
3.564810814266363148e-01
0.000000000000000000e+00
3.339980277004903075e-01
0.000000000000000000e+00
3.587381708981782213e-01
0.000000000000000000e+00
3.032122526179661381e-01
0.000000000000000000e+00
1.599109733122189292e-01
0.000000000000000000e+00
1.639429013826302350e-01
0.000000000000000000e+00
4.736067091486353409e-01
0.000000000000000000e+00
3.377105312197790088e-01
0.000000000000000000e+00
2.685557666920362907e-01
0.000000000000000000e+00
4.967456255133462228e-01
0.000000000000000000e+00
5.479379006846241129e-01
0.000000000000000000e+00
7.001603970711981484e-01
0.000000000000000000e+00
2.821392714957674519e-01
0.000000000000000000e+00
3.727486364181821221e-01
0.000000000000000000e+00
3.922002900083638166e-01
0.000000000000000000e+00
0.000000000000000000e+00
0.000000000000000000e+00
2.321014974356152560e-01
0.000000000000000000e+00
3.896871977740753445e-01
0.000000000000000000e+00
3.739769224773328293e-01
0.000000000000000000e+00
3.973907946155162962e-01
0.000000000000000000e+00
0.000000000000000000e+00
0.000000000000000000e+00
0.000000000000000000e+00
0.000000000000000000e+00
0.000000000000000000e+00
0.000000000000000000e+00
0.000000000000000000e+00
0.000000000000000000e+00
0.000000000000000000e+00
0.000000000000000000e+00
0.000000000000000000e+00
0.000000000000000000e+00
0.000000000000000000e+00
0.000000000000000000e+00
2.786698118215973421e-02
1.680299587793358251e-01
4.367859074719754320e-02
0.000000000000000000e+00
3.054490284943146144e-02
0.000000000000000000e+00
0.000000000000000000e+00
0.000000000000000000e+00
1.559978609467047306e-01
4.703934676464271991e-01
0.000000000000000000e+00
0.000000000000000000e+00
0.000000000000000000e+00
4.029777197683077905e-02
3.582380939501046690e-02
3.287122894399913675e-01
1.180979291388589876e-03
2.595320783385277608e-01
1.808142342873006736e-01
3.490140667261703439e-02
0.000000000000000000e+00
0.000000000000000000e+00
0.000000000000000000e+00
9.605837091702765784e-01
0.000000000000000000e+00
9.637802334278086080e-01
0.000000000000000000e+00
9.625216837303925965e-01
0.000000000000000000e+00
9.939518211102638112e-01
0.000000000000000000e+00
9.138876175942878266e-01
0.000000000000000000e+00
6.747769605960893813e-01
0.000000000000000000e+00
7.816724581100358282e-01
0.000000000000000000e+00
6.885310094803154257e-01
0.000000000000000000e+00
6.002525578270104800e-01
0.000000000000000000e+00
6.116377323296776636e-01
0.000000000000000000e+00
5.947871927883990884e-01
0.000000000000000000e+00
4.993092241197127912e-01
0.000000000000000000e+00
4.651036991940738496e-01
0.000000000000000000e+00
7.088701760592529544e-01
0.000000000000000000e+00
0.000000000000000000e+00
0.000000000000000000e+00
3.981239916773964271e-01
0.000000000000000000e+00
2.489997723573986466e-01
0.000000000000000000e+00
6.131119577359053219e-01
0.000000000000000000e+00
5.685721689445063509e-01
0.000000000000000000e+00
5.416706968856657145e-01
0.000000000000000000e+00
3.480659511134287509e-01
0.000000000000000000e+00
0.000000000000000000e+00
0.000000000000000000e+00
4.007207771794509266e-01
0.000000000000000000e+00
3.268661670438460787e-01
0.000000000000000000e+00
3.146583142881334005e-01
0.000000000000000000e+00
2.120212099892818391e-01
0.000000000000000000e+00
2.594133072296700981e-01
0.000000000000000000e+00
2.592219204315250325e-01
0.000000000000000000e+00
1.693542174392629329e-01
0.000000000000000000e+00
7.333639743720728188e-02
0.000000000000000000e+00
4.675886687644077722e-02
0.000000000000000000e+00
5.295885346119649090e-02
0.000000000000000000e+00
3.084047119860001268e-02
0.000000000000000000e+00
3.190857577169992632e-01
0.000000000000000000e+00
0.000000000000000000e+00
0.000000000000000000e+00
0.000000000000000000e+00
0.000000000000000000e+00
0.000000000000000000e+00
2.956722573601331949e-01
0.000000000000000000e+00
4.272010984838502945e-01
0.000000000000000000e+00
7.063972923367626278e-01
0.000000000000000000e+00
0.000000000000000000e+00
0.000000000000000000e+00
0.000000000000000000e+00
0.000000000000000000e+00
0.000000000000000000e+00
0.000000000000000000e+00
0.000000000000000000e+00
0.000000000000000000e+00
0.000000000000000000e+00
0.000000000000000000e+00
0.000000000000000000e+00
0.000000000000000000e+00
0.000000000000000000e+00
1.918820671688045154e-01
0.000000000000000000e+00
1.628137046941422195e-01
0.000000000000000000e+00
0.000000000000000000e+00
0.000000000000000000e+00
4.333885879179834311e-02
0.000000000000000000e+00
8.502413843623453371e-02
0.000000000000000000e+00
2.629701479579337614e-02
5.869077953906003814e-02
0.000000000000000000e+00
0.000000000000000000e+00
8.126916935588527346e-01
9.159407742537524211e-01
0.000000000000000000e+00
0.000000000000000000e+00
8.805540081836117361e-01
4.091354502210819422e-01
0.000000000000000000e+00
0.000000000000000000e+00
7.114746392600359570e-01
0.000000000000000000e+00
0.000000000000000000e+00
0.000000000000000000e+00
5.851386389630885976e-01
0.000000000000000000e+00
0.000000000000000000e+00
5.997436660273609138e-02
0.000000000000000000e+00
0.000000000000000000e+00
2.241554758655479040e-01
2.150799873468381418e-01
0.000000000000000000e+00
0.000000000000000000e+00
2.277013485258145009e-01
1.755417988498594595e-01
0.000000000000000000e+00
0.000000000000000000e+00
2.761125080547184862e-01
3.109815909232215847e-01
0.000000000000000000e+00
0.000000000000000000e+00
2.746821424526085798e-01
2.975892114684225431e-01
0.000000000000000000e+00
0.000000000000000000e+00
2.217513388776805872e-01
2.612833019761186537e-01
0.000000000000000000e+00
0.000000000000000000e+00
2.190535992652292430e-01
2.153431277451707260e-01
0.000000000000000000e+00
0.000000000000000000e+00
0.000000000000000000e+00
1.207020760845718688e-01
0.000000000000000000e+00
0.000000000000000000e+00
0.000000000000000000e+00
2.086984591901031583e-01
0.000000000000000000e+00
0.000000000000000000e+00
0.000000000000000000e+00
1.823203780780236483e-01
0.000000000000000000e+00
0.000000000000000000e+00
0.000000000000000000e+00
1.438970597289493947e-01
0.000000000000000000e+00
0.000000000000000000e+00
0.000000000000000000e+00
2.603382863480379616e-01
0.000000000000000000e+00
0.000000000000000000e+00
0.000000000000000000e+00
1.827580240306324599e-01
0.000000000000000000e+00
0.000000000000000000e+00
5.627555434811053470e-01
0.000000000000000000e+00
7.803894953715353466e-01
