4.138946866092520493e-01
-1.405118327598414880e-03
-4.196772652909353668e-02
2.023791133845096735e-01
-3.896044620180121043e-02
1.726276455012759614e-01
-1.364971092572081143e-02
1.105016575541389184e-01
-8.974040200974750525e-02
3.225342537194223480e-01
1.247353730555332135e-01
2.201475997319340405e-01
1.331279410804561969e-01
3.390471047907958613e-01
9.504979872838707766e-03
7.836359315654076729e-01
2.859967884245352976e-01
5.277254051285178438e-01
-2.709934604198077288e-02
5.776049563229483930e-01
3.686104038418344109e-01
7.860544235075179742e-01
-4.525027239827526110e-02
8.618771066394338431e-01
-2.727532632756807796e-01
9.070595917623811566e-01
-2.539865284413044266e-01
5.825999974736703058e-01
-2.383011783573427966e-01
8.307589790058682588e-01
-1.603921248676271893e-01
9.300603193675581748e-01
-7.176707852927229070e-02
1.550930923314590704e-01
-4.077630478791290786e-02
3.887291202152745595e-01
9.337869039313286823e-01
-9.237620423770602773e-01
9.085394936208667227e-01
-8.550547245392858819e-01
8.545157254457402818e-01
-8.953361989681727362e-01
8.922173273249249803e-01
-9.421833499713926363e-01
9.204356861236366871e-01
-9.791344510534564227e-01
9.688099671715176830e-01
-8.817915004591178052e-01
9.902746830350093177e-01
-7.565655551832940473e-01
8.571805370235069388e-01
-9.071732432261024881e-01
8.629498605805244749e-01
-9.314493487626991364e-01
8.756659614586926876e-01
-7.400503456726279516e-01
9.503173635195950597e-01
-7.364667222084851916e-01
9.853196907072506727e-01
-5.577315173298124096e-01
9.365011137714952527e-01
-5.924898806540291885e-01
8.879178408505151721e-01
-5.007405836251364040e-01
9.972407400067589966e-01
-3.580306296324504700e-01
4.699463600722457723e-01
-1.629134150731965658e-01
2.411956274137469925e-03
-1.433397862128090415e-02
9.030611467569080730e-01
-6.180644150918769286e-01
7.070194577160938687e-01
-5.506980738905966621e-01
7.491299497700932841e-01
-8.016038172805970419e-01
9.201115668210908538e-01
-5.789834068135889522e-01
9.331973458513223019e-01
-4.604894111499630016e-01
9.317834433910359149e-01
-3.796459853882998003e-01
7.391124292283010044e-01
-2.577239867627864056e-01
5.533875642211677492e-01
-1.625812911542650896e-01
6.267486097318180072e-01
-1.221340684521627362e-01
8.366598250171675133e-01
-1.040893128716479515e-01
7.168411620941539386e-01
-8.850494374292799948e-02
5.166911886904388407e-01
9.028963024291955519e-02
5.643304007934700772e-01
-5.913869776084811070e-02
6.104205294813594973e-01
-1.570104858179676155e-01
5.513658333839530634e-01
-6.989545099042880627e-02
2.564788062047401174e-01
-4.601680045389546642e-02
2.879045204756387477e-01
6.147909119095451569e-01
6.736888617295633264e-01
7.938515212907030216e-01
8.686392018859112607e-01
8.565689469642139287e-01
6.148971174816969532e-01
8.171350353899728969e-01
5.640194936994936681e-01
7.047350162518354333e-01
9.489642018620194630e-01
8.030788629001495149e-01
6.511547551212503171e-01
5.506762830980220791e-01
6.521833315790935837e-01
-1.134292764842654289e-01
-4.690930167189836242e-01
-1.643354272826512141e-01
8.225709272410542949e-01
5.717919129398293249e-02
9.605365431536094789e-01
6.833263679640133592e-01
3.661834656148128531e-01
-3.054018843467509181e-01
-5.469154604047239410e-01
5.779508088378690900e-01
3.763852268752934660e-02
3.370612232472085940e-02
-7.825701034123833111e-02
-1.719083859034736261e-01
-3.321663482386383315e-01
2.990477694004476383e-01
-3.268775598321110309e-01
-3.966668923298152793e-01
1.394830833459647090e-01
9.243788385226116011e-01
1.048865490996128691e-01
6.283876729885109480e-01
-2.610814841697766675e-01
7.613807853927698766e-01
-3.447381011690682784e-01
6.838727901730855541e-01
-3.602371587958317356e-01
6.233320556974231152e-01
-3.884192678528836096e-01
5.947289165067158878e-01
-4.023728764804059832e-01
6.469045104936353985e-01
-3.657821186851821227e-01
7.840703570724859572e-01
-4.136382282711417169e-01
5.462738742921734447e-01
-4.006964307392426594e-01
4.988039038922488788e-01
-3.883907540664638391e-01
6.235933848374221045e-01
-3.789887154403350777e-01
6.421382274173760285e-01
-3.610657104618866797e-01
8.113851265863858409e-01
-3.414955270272357346e-01
6.162961458648283930e-01
-2.640283221888307108e-01
3.707090682090716793e-01
-1.398506049471267762e-02
5.667904973466392216e-01
4.441788902711214099e-02
4.682515017089187714e-01
-1.562331697495753513e-01
1.093860535658101006e-02
-1.575440906685470974e-02
9.153716660632905677e-01
-5.722305422234508221e-01
8.077262163860225996e-01
-5.385775399031391686e-01
5.128650949376291068e-01
-4.901040337400297542e-01
6.507563950569011935e-01
-3.248346686084775947e-01
4.230103793277712465e-01
-1.964351414074016686e-02
8.545961621185521606e-01
-3.249574932393918258e-01
7.208208665714339602e-01
-2.328052185632906446e-01
6.298951895636605292e-01
-2.490344859569876279e-01
6.652376545761674587e-01
-1.756838034117036151e-01
9.249630558579010620e-01
-2.150152198497569944e-01
7.440087701251087982e-01
-1.371721900844201925e-01
8.027054245763846074e-01
-2.048902930748749129e-01
6.371472036691420149e-01
-1.378087425128046994e-01
5.839624248269723594e-01
-1.405404268107175170e-01
6.263060589203731654e-01
-1.489988477825915369e-01
3.224952380934192342e-01
-1.085000231897610412e-01
9.605114719193598161e-01
-5.718736531628341307e-02
1.711051415622552030e-01
2.496346473827552037e-01
1.778093194813859523e-02
1.832807650499821694e-01
-3.477111195440994729e-03
1.735713843223840036e-01
-8.194714518031501194e-02
2.090517174567388947e-01
-7.841635021349935286e-02
3.152705870371273478e-01
-8.036137812386698331e-02
4.272534704704453179e-01
1.231167188106155191e-01
3.672933056199025881e-01
3.648067528476619525e-01
4.255647935416408401e-01
3.971448516870971224e-01
4.203770127460470518e-01
2.888770720053864816e-01
2.642400424701055739e-01
5.992468880810364329e-01
5.369164327892050892e-01
3.190685300701113225e-01
4.815608274415982271e-01
6.922733109655336836e-01
-5.916826670332140520e-02
3.926266216352904959e-01
-8.934551754290530334e-02
5.458462467819311659e-01
2.916898605418832488e-03
8.455404749661928898e-01
-1.063175338380050461e-01
2.908610319924663234e-01
-1.701863512314365501e-01
3.739048471806646345e-01
-3.503684615683820558e-02
-2.739197255228404022e-03
5.979536039974439054e-01
3.769888574758991501e-02
-7.191200249293880353e-02
-6.079927948445388447e-02
2.402240089714166582e-01
1.677825534492974058e-01
-6.268120397628094975e-02
3.329558691909833418e-02
1.849020196553662898e-01
-2.794887597653207111e-03
-3.041986555353382374e-02
2.563458300298102621e-01
-4.231561140669452825e-02
1.373317903402954641e-02
7.905650111872854213e-02
3.415636311500823141e-01
2.747502372543172283e-02
-1.068960590213044737e-01
2.858199832127773510e-01
7.099410462768165342e-01
-1.512194981995390319e-01
-9.190008575055884366e-02
2.772154143318579234e-01
6.080126533009003742e-01
-1.284456038328525562e-01
-1.303567920648618372e-01
7.920508787575231135e-01
6.943656610826408615e-01
-1.518176089735658041e-01
-1.551968470708484926e-01
8.825017196864023417e-01
7.390435365512406651e-01
-1.636516813038911000e-01
-1.620780982320752794e-01
6.528644980916327167e-01
9.028522836803216656e-01
-1.584304830036160627e-01
-1.531013066909563680e-01
8.069556311589819453e-01
9.696410633672624124e-01
-1.957992100195265761e-01
-1.861817331936215236e-01
9.213414142083093950e-01
4.358953631263671191e-01
5.324743213384661167e-02
-9.987899869778890660e-02
9.161333955472319435e-01
4.776419550347451581e-01
2.750494244981085273e-02
-1.839069004046927636e-01
6.045277855793893540e-01
5.971600235304690418e-01
6.807774014732771717e-02
-1.554062670569782978e-01
3.585351716663233712e-01
6.638636713549114221e-01
2.431175222327622565e-01
-1.230460772280280030e-01
4.203475190174607579e-01
3.762784865852720761e-01
1.168612188920278711e-01
-8.635123570014764660e-02
1.874396040388241758e-01
1.748953269391338439e-01
4.899129708889690682e-02
-4.384007174930563272e-02
6.698527573603870744e-01
9.524403101485997558e-01
-9.556632338692336859e-01
3.214211080517895835e-01
-2.452655183263342531e-01
