-3.027234128392324291e-03 1.567764162859703464e-02 3.736148776934497540e-02
-4.325941266026360477e-03 -9.858476092792545914e-03 4.007841285216174471e-02
-1.176638386279801364e-03 2.140719058946667294e-02 9.072041090674998198e-02
-1.011209598650606410e-02 -1.237569697927396427e-02 9.375805165375517003e-02
-1.588597974293166947e-03 2.824323321975576867e-02 1.682304551970054129e-01
-1.308184381471999384e-02 -1.605473353549549675e-02 1.713749355282091213e-01
-2.178104202739836355e-03 3.431784242300925380e-02 2.682287529706253726e-01
-1.753049188656347068e-02 -1.849474644333370943e-02 2.711527017203819723e-01
-3.873833471558143365e-04 3.837221449537064899e-02 3.930536930578871768e-01
-2.422801222715825417e-02 -1.910819147234959700e-02 3.950257338809078922e-01
-2.030393642799326482e-03 4.488123330961497209e-02 5.444929596241598890e-01
-3.163899976618741311e-02 -1.894507198268993026e-02 5.469449029736248580e-01
-1.008290294051673863e-03 4.913443897856557135e-02 7.262508394615294627e-01
-4.002085026791179362e-02 -1.660455884036947383e-02 7.278268264092125905e-01
-2.460168307635823056e-03 5.492954466477609210e-02 9.396480137385366804e-01
-5.281757928382575795e-02 -9.048677978814433781e-03 9.414716975985664149e-01
-7.158900965707272988e-03 6.156320040007929456e-02 1.182348447161166494e+00
-6.396622053961270593e-02 -3.552325604771686997e-03 1.184608225104702539e+00
-1.110109009267465710e-02 6.698262839253982248e-02 1.460182501077068151e+00
-7.638874856161488591e-02 3.392292578247976722e-03 1.461929083427011555e+00
-1.957256625290057506e-02 7.536150772985383828e-02 1.776447209648935210e+00
-9.043096598393801644e-02 1.403559741762240749e-02 1.777728948897352668e+00
-2.730121867813450551e-02 8.305739423999561333e-02 2.132308305875906029e+00
-1.054917228701590243e-01 2.627697571281182448e-02 2.133278574023126595e+00
-4.219249933878472386e-02 9.585773387003386492e-02 2.533484046046546645e+00
-1.202059828908412925e-01 4.069072526556682945e-02 2.534498523173535300e+00
-5.863653999875203388e-02 1.086394953577641265e-01 2.977614499924689184e+00
-1.343359064221912869e-01 5.513790333040387986e-02 2.977461477370174858e+00
-7.593863950268132934e-02 1.208784553869232808e-01 3.463554837799189823e+00
-1.491239576646814224e-01 7.172765871205635801e-02 3.463018848039217001e+00
-9.527311020092234239e-02 1.345521601476714346e-01 4.009032906275283636e+00
-1.632425067791834772e-01 9.019870677858561614e-02 4.008879062593280196e+00
-1.185229092671094275e-01 1.456829226947338463e-01 4.607317137227443737e+00
-1.738331165017541480e-01 1.086172677748701715e-01 4.607917374028202673e+00
-1.450104393477409104e-01 1.552234017914338182e-01 5.207666389124016249e+00
-1.921546895854002734e-01 1.344615251687796831e-01 5.207696308483908076e+00
0.000000000000000000e+00 0.000000000000000000e+00 0.000000000000000000e+00
0.000000000000000000e+00 0.000000000000000000e+00 0.000000000000000000e+00
-3.885476921032659983e-03 9.277012260748172465e-03 3.395393324733728124e-02
-2.563804765756821924e-03 -2.912908663946996851e-03 3.586203867268734219e-02
-4.005889613745674399e-03 1.461178748817487660e-02 9.977821516748090758e-02
-5.591809587632071143e-03 -4.633128060783784502e-03 1.010624022947325118e-01
-4.074801613354963464e-03 2.009509457884890368e-02 1.956872454775956949e-01
-1.112520656039784651e-02 -6.467088580787049706e-03 1.963361749588217464e-01
-3.318740941314333483e-03 2.624094767629200214e-02 3.314055814429185953e-01
-1.426420001491098682e-02 -7.436826640773110467e-03 3.308970980609389212e-01
-3.061484411041498314e-03 3.262026426624883846e-02 4.991753603753473212e-01
-2.154621297771274965e-02 -4.588589145299575012e-03 4.983233849827020667e-01
-3.931763590257017320e-03 3.939306707620179177e-02 7.178259996098836915e-01
-2.676557452106513232e-02 -1.625223889017720410e-03 7.186643798275601513e-01
-9.568667380034855466e-03 4.727915907933846751e-02 9.708404516981338217e-01
-3.387903424277880632e-02 3.841646724047228633e-03 9.708910164186679292e-01
-1.468219643958238244e-02 5.324095385010484821e-02 1.251692122318581069e+00
-4.557208486736356867e-02 1.314354318885719783e-02 1.251733791570924348e+00
-2.338371815002195098e-02 6.176663503367145480e-02 1.559342237284803145e+00
-5.575664599652579989e-02 2.222438781486760911e-02 1.559253879369938867e+00
-3.036051644476013209e-02 7.072518122888182823e-02 1.908012870559156804e+00
-6.725642389952468658e-02 3.276359653293107327e-02 1.907837198874457574e+00
-4.275079210341591746e-02 8.176043948653408111e-02 2.290331703493182491e+00
-8.134995804318223556e-02 4.539924007594653421e-02 2.290027865302062704e+00
-6.089532442576028881e-02 9.443433525340362567e-02 2.706819492912817537e+00
-9.588813024646307415e-02 6.017140062046012761e-02 2.707060985558456867e+00
-7.713722951691834306e-02 1.062383372255790992e-01 3.147176337539387525e+00
-1.128558827270826487e-01 7.549432904367309183e-02 3.146947405429462830e+00
-9.393109965441105713e-02 1.185066278753407892e-01 3.631739089885555494e+00
-1.282190651690626737e-01 8.967922700922656420e-02 3.631503794156043963e+00
-1.127610174941477555e-01 1.312204478996560619e-01 4.172547633049918048e+00
-1.443050369355696472e-01 1.057224379337722703e-01 4.172615422374227556e+00
-1.328788049643925828e-01 1.422170431314934425e-01 4.740967161706498345e+00
-1.607618408851493597e-01 1.225359831313169168e-01 4.741317340122857438e+00
-1.571657808578365012e-01 1.557470237356374243e-01 5.344245435192708449e+00
-1.796210861864984132e-01 1.464547717781878311e-01 5.344273927350154274e+00
0.000000000000000000e+00 0.000000000000000000e+00 0.000000000000000000e+00
0.000000000000000000e+00 0.000000000000000000e+00 0.000000000000000000e+00
