0.000000000000000000e+00
2.996681141068163051e-02
9.000144040473538887e-01
0.000000000000000000e+00
7.477955547863848196e-01
0.000000000000000000e+00
2.620780279343331021e-01
0.000000000000000000e+00
9.359538890644912845e-01
0.000000000000000000e+00
0.000000000000000000e+00
0.000000000000000000e+00
0.000000000000000000e+00
0.000000000000000000e+00
0.000000000000000000e+00
0.000000000000000000e+00
0.000000000000000000e+00
0.000000000000000000e+00
4.224185177879222763e-01
0.000000000000000000e+00
0.000000000000000000e+00
0.000000000000000000e+00
6.172671849314248504e-01
0.000000000000000000e+00
9.666151077242112200e-01
0.000000000000000000e+00
8.704729205736840836e-01
0.000000000000000000e+00
8.202238592151331886e-01
0.000000000000000000e+00
6.176477167964945503e-01
0.000000000000000000e+00
5.037372009397033112e-01
0.000000000000000000e+00
1.471697103054162292e-01
0.000000000000000000e+00
0.000000000000000000e+00
2.857329867101824350e-01
0.000000000000000000e+00
2.644807680936465122e-01
0.000000000000000000e+00
3.077116237792316689e-01
0.000000000000000000e+00
3.642883806558451787e-01
0.000000000000000000e+00
4.326581260357347247e-01
0.000000000000000000e+00
3.896437813153796337e-01
0.000000000000000000e+00
3.343097926710770218e-01
0.000000000000000000e+00
5.612036614614495100e-01
0.000000000000000000e+00
7.202763133821210584e-01
0.000000000000000000e+00
5.722711440967745977e-01
0.000000000000000000e+00
7.593320900817406294e-01
0.000000000000000000e+00
5.750485407513125091e-01
0.000000000000000000e+00
9.645554900584332181e-01
0.000000000000000000e+00
9.110959950760365578e-01
0.000000000000000000e+00
8.518780013342399648e-01
0.000000000000000000e+00
8.398572551854210921e-01
0.000000000000000000e+00
1.477903477427791878e-01
0.000000000000000000e+00
2.674153417341814665e-01
0.000000000000000000e+00
2.779800409019170804e-01
0.000000000000000000e+00
8.092624599068777291e-01
0.000000000000000000e+00
5.845151083450310647e-01
0.000000000000000000e+00
4.648887304957947109e-01
0.000000000000000000e+00
8.844774423655742401e-01
0.000000000000000000e+00
8.672877453421546923e-01
0.000000000000000000e+00
9.848071278783313565e-01
0.000000000000000000e+00
4.623785894410785691e-01
0.000000000000000000e+00
6.305034171285961442e-01
0.000000000000000000e+00
6.701289989826464399e-01
0.000000000000000000e+00
0.000000000000000000e+00
0.000000000000000000e+00
3.582226600547364637e-01
0.000000000000000000e+00
9.510635370461650862e-01
0.000000000000000000e+00
5.292240104392793576e-01
0.000000000000000000e+00
4.645645244140877983e-01
0.000000000000000000e+00
0.000000000000000000e+00
0.000000000000000000e+00
0.000000000000000000e+00
0.000000000000000000e+00
0.000000000000000000e+00
0.000000000000000000e+00
0.000000000000000000e+00
0.000000000000000000e+00
0.000000000000000000e+00
0.000000000000000000e+00
0.000000000000000000e+00
0.000000000000000000e+00
0.000000000000000000e+00
0.000000000000000000e+00
1.343418035091777096e-01
3.985469210547745167e-01
9.372459523788771729e-02
0.000000000000000000e+00
0.000000000000000000e+00
0.000000000000000000e+00
0.000000000000000000e+00
0.000000000000000000e+00
2.754718724398489971e-01
8.636928875537468464e-01
0.000000000000000000e+00
0.000000000000000000e+00
0.000000000000000000e+00
6.492218164241431166e-02
1.168239565540929309e-01
9.043249997824398534e-01
0.000000000000000000e+00
5.217035113653162304e-01
4.541481836179498410e-01
0.000000000000000000e+00
0.000000000000000000e+00
0.000000000000000000e+00
0.000000000000000000e+00
7.641555146676768384e-01
0.000000000000000000e+00
8.100953348059760639e-01
0.000000000000000000e+00
8.775207389185415430e-01
0.000000000000000000e+00
9.854934094674838718e-01
0.000000000000000000e+00
9.977778592474693120e-01
0.000000000000000000e+00
7.829790805011536126e-01
0.000000000000000000e+00
9.827674339654560720e-01
0.000000000000000000e+00
9.334403552535587290e-01
0.000000000000000000e+00
8.882016464940081235e-01
0.000000000000000000e+00
9.127856379779240026e-01
0.000000000000000000e+00
9.218167842933170375e-01
0.000000000000000000e+00
8.594143795990090151e-01
0.000000000000000000e+00
8.527560975403261079e-01
0.000000000000000000e+00
2.233085942521135514e-01
0.000000000000000000e+00
0.000000000000000000e+00
0.000000000000000000e+00
9.804082718721996992e-01
0.000000000000000000e+00
1.637423232736453238e-01
0.000000000000000000e+00
9.457152540898910997e-01
0.000000000000000000e+00
9.289987042422789276e-01
0.000000000000000000e+00
9.371905861439520091e-01
0.000000000000000000e+00
6.548954076988731110e-01
0.000000000000000000e+00
6.290220719625339019e-01
0.000000000000000000e+00
8.611739763428747363e-01
0.000000000000000000e+00
8.172941337708224951e-01
0.000000000000000000e+00
8.689927038446206842e-01
0.000000000000000000e+00
7.837840718645127103e-01
0.000000000000000000e+00
8.350276605483933912e-01
0.000000000000000000e+00
8.483484344068574767e-01
0.000000000000000000e+00
7.886197283149545267e-01
0.000000000000000000e+00
7.045705342743914246e-01
0.000000000000000000e+00
8.594055845015781125e-01
0.000000000000000000e+00
9.085652478420047640e-01
0.000000000000000000e+00
6.600700006104848194e-01
0.000000000000000000e+00
5.787721573554777121e-01
0.000000000000000000e+00
0.000000000000000000e+00
0.000000000000000000e+00
0.000000000000000000e+00
1.548637285211945935e-01
0.000000000000000000e+00
9.985672373882888975e-01
0.000000000000000000e+00
9.968123246116095126e-01
0.000000000000000000e+00
9.836768259488425370e-01
0.000000000000000000e+00
0.000000000000000000e+00
0.000000000000000000e+00
0.000000000000000000e+00
0.000000000000000000e+00
0.000000000000000000e+00
0.000000000000000000e+00
0.000000000000000000e+00
0.000000000000000000e+00
0.000000000000000000e+00
0.000000000000000000e+00
0.000000000000000000e+00
0.000000000000000000e+00
0.000000000000000000e+00
6.382999234076448536e-01
0.000000000000000000e+00
7.249785617000700233e-01
0.000000000000000000e+00
0.000000000000000000e+00
0.000000000000000000e+00
4.154260231662808001e-01
0.000000000000000000e+00
6.060445371936333814e-01
0.000000000000000000e+00
1.283118723579495524e-01
5.623631853640510131e-02
0.000000000000000000e+00
0.000000000000000000e+00
9.335307144520229583e-01
9.115345903448567322e-01
0.000000000000000000e+00
0.000000000000000000e+00
8.981953322962292763e-01
0.000000000000000000e+00
0.000000000000000000e+00
5.691167536380323799e-01
4.250811839487520505e-01
0.000000000000000000e+00
9.945989332667336535e-01
0.000000000000000000e+00
0.000000000000000000e+00
0.000000000000000000e+00
0.000000000000000000e+00
9.367044247965958803e-01
0.000000000000000000e+00
0.000000000000000000e+00
9.983357789872254751e-01
8.087280593344520208e-01
0.000000000000000000e+00
0.000000000000000000e+00
8.876149564397058933e-01
5.815134975604506762e-01
0.000000000000000000e+00
0.000000000000000000e+00
9.291289507427640260e-01
9.734315376696418554e-01
0.000000000000000000e+00
0.000000000000000000e+00
9.382085708212299924e-01
9.511717096493053081e-01
0.000000000000000000e+00
0.000000000000000000e+00
9.114039668852400577e-01
8.919575863091644408e-01
0.000000000000000000e+00
0.000000000000000000e+00
9.198907702237181239e-01
8.970964518504056517e-01
0.000000000000000000e+00
0.000000000000000000e+00
0.000000000000000000e+00
4.776093459887929549e-01
0.000000000000000000e+00
0.000000000000000000e+00
0.000000000000000000e+00
9.603235874265382277e-01
0.000000000000000000e+00
0.000000000000000000e+00
0.000000000000000000e+00
9.447428704664917465e-01
0.000000000000000000e+00
0.000000000000000000e+00
0.000000000000000000e+00
8.416608863888773717e-01
0.000000000000000000e+00
0.000000000000000000e+00
0.000000000000000000e+00
9.103160642087482213e-01
0.000000000000000000e+00
0.000000000000000000e+00
0.000000000000000000e+00
8.235905952238792294e-01
0.000000000000000000e+00
0.000000000000000000e+00
8.268829909926809218e-01
0.000000000000000000e+00
6.010192760416775970e-01
