1.218775040131720561e+04
7.217436114351014112e+03
5.725836280293622622e+03
4.815072172627961663e+03
4.138960098508610827e+03
3.587990590506600256e+03
3.111686628478887997e+03
2.680881983529263834e+03
2.274576970852456270e+03
1.873094108019822443e+03
1.449444911226068598e+03
9.425747413151281080e+02
1.341526177446329530e+04
7.172335021137395415e+03
5.507754539224707514e+03
4.579621179873859546e+03
3.919218597258833142e+03
3.391106516089742399e+03
2.938064044868146084e+03
2.529193402077193696e+03
2.143046127731887282e+03
1.760348605691859802e+03
1.355152699052183607e+03
8.709124678524077581e+02
1.405784742668441868e+04
7.216351569264495993e+03
5.397893365513760727e+03
4.423672905391403219e+03
3.754695191169069858e+03
3.232670159205204072e+03
2.791667687189250046e+03
2.397170142630030568e+03
2.026502762761373106e+03
1.660095927488907591e+03
1.273397345919326426e+03
8.147749945564114569e+02
1.435064248624920401e+04
7.221701435399018010e+03
5.312059506782949029e+03
4.302596010558798298e+03
3.623070648598157277e+03
3.102299195932600924e+03
2.668735704269046437e+03
2.284753584005954963e+03
1.926769280388648667e+03
1.574843594563324814e+03
1.205385084387133020e+03
7.700550642784224920e+02
1.441640511661047822e+04
7.171878618681229455e+03
5.220050046407565787e+03
4.192515776346338498e+03
3.507892826221869200e+03
2.989360256910306816e+03
2.562270706248547413e+03
2.187634257392468953e+03
1.840857270486548714e+03
1.502078215240961072e+03
1.148236388701747273e+03
7.332103849609891313e+02
1.432022864061601831e+04
7.070699910684952556e+03
5.112013400456460658e+03
4.082214871340633636e+03
3.399599721304044124e+03
2.886361010067701045e+03
2.466879694064677096e+03
2.101557963319047303e+03
1.765487518007245853e+03
1.438869453141310260e+03
1.099286298880031609e+03
7.019031155409916209e+02
1.410102414444676106e+04
6.925134205828429003e+03
4.985976900733309776e+03
3.966827413311449163e+03
3.293177176720207171e+03
2.788794695442198190e+03
2.378667048681806591e+03
2.023271956508443736e+03
1.697930901005636542e+03
1.383035455809059613e+03
1.056472691498506492e+03
6.748108599586007585e+02
1.378509170338932199e+04
6.742560238584323088e+03
4.843267203528004757e+03
3.845287129821626422e+03
3.186283287261411715e+03
2.694085601789118300e+03
2.295030022441260371e+03
1.950483460055686464e+03
1.636111282838604438e+03
1.332718447602122069e+03
1.018502886462389824e+03
6.510745739953922566e+02
1.339291072675495161e+04
6.531415473422459399e+03
4.687743619479226254e+03
3.718436168231229658e+03
3.078209096382183361e+03
2.600606696586372891e+03
2.214227354552072939e+03
1.881482506612489942e+03
1.578608629504125929e+03
1.286783680268275930e+03
9.845760701672995765e+02
6.303996334900762122e+02
1.294725807716871168e+04
6.304622889649009267e+03
4.524902965847084488e+03
3.586706559727291278e+03
2.967641439988456568e+03
2.506691606412258352e+03
2.134609103451150531e+03
1.814792193747939336e+03
1.524193385623814038e+03
1.244459070144620000e+03
9.545458853427478516e+02
6.132109513719061624e+02
1.252218786915315286e+04
6.073375770747126808e+03
4.342871585281179250e+03
3.440725317168818947e+03
2.848320264157611746e+03
2.407988156108970998e+03
2.052834882213147921e+03
1.747839701859511706e+03
1.470971022167480214e+03
1.204693493701488251e+03
9.286741044379598407e+02
6.018471642457421922e+02
1.220253953677940626e+04
5.927387004431541754e+03
4.262221799567255403e+03
3.385473600875066495e+03
2.805279858511675229e+03
2.371733307771636191e+03
2.021094430935167338e+03
1.719118626948216161e+03
1.444670626028136894e+03
1.180293919708932663e+03
9.055305854415108797e+02
5.805289671167636243e+02
1.187953291735586208e+04
5.757788908046681172e+03
4.136316115218898631e+03
3.281549794285519965e+03
2.715066643270352870e+03
2.291188591298671781e+03
1.947591928418138423e+03
1.651482283367236960e+03
1.382021065915370855e+03
1.122547006915035126e+03
8.547183057485153768e+02
5.435799078354555149e+02
1.156178055640361163e+04
5.591363239757542942e+03
4.011604994311306655e+03
3.178452829999398091e+03
2.625885779219997403e+03
2.212278728010437135e+03
1.876941878442840107e+03
1.587987370588998829e+03
1.325450224699141472e+03
1.073854074737730343e+03
8.159458117406771862e+02
5.186686659583594974e+02
1.124419672312308830e+04
5.428747517764988515e+03
3.889241420784634556e+03
3.077734116232605174e+03
2.539609529909067987e+03
2.136580344859916295e+03
1.810158835063465176e+03
1.529170740654548354e+03
1.274695690742891202e+03
1.031568497601017498e+03
7.833536446145186574e+02
4.979393789081310047e+02
1.092680992053599584e+04
5.265048194853965470e+03
3.768181282616121734e+03
2.978824438963357807e+03
2.455403252030511794e+03
2.063644769206544424e+03
1.746565938444334051e+03
1.474126781219038548e+03
1.227834350515365486e+03
9.930889513212413249e+02
7.538751606234219480e+02
4.791796868962607618e+02
1.060179560374947323e+04
5.100702937819081853e+03
3.647479500597905371e+03
2.880828809176186496e+03
2.372636886958257037e+03
1.992578274402143506e+03
1.685161491208146344e+03
1.421415772293385771e+03
1.183288118644791666e+03
9.566799976997758677e+02
7.260744269732944076e+02
4.614690414388638828e+02
1.027150696882648663e+04
4.935659192812727269e+03
3.526521975986079724e+03
2.783419873649717374e+03
2.290851192105750670e+03
1.922669845282581946e+03
1.625205433810884642e+03
1.370152612399944246e+03
1.140166584031940829e+03
9.215478102990293792e+02
6.992209476398764991e+02
4.443253294794751582e+02
9.937114831717821289e+03
4.768565473090868181e+03
3.405083375218820493e+03
2.686051234566739822e+03
2.209502242653249596e+03
1.853506872250483184e+03
1.565983045183113063e+03
1.319736389629989162e+03
1.097770423202892061e+03
8.870140415889773067e+02
6.728583634974189636e+02
4.275019998789158535e+02
9.596952993377526582e+03
4.599683590672975697e+03
3.282788414845317675e+03
2.588228742820928801e+03
2.128103545169003155e+03
1.784430996603248786e+03
1.506983540396600119e+03
1.269529923270050404e+03
1.055680513129990459e+03
8.527313846215657804e+02
6.466846940667410308e+02
4.107602531403128410e+02
9.252922411838231710e+03
4.429185153447724588e+03
3.159415071197754060e+03
2.489860604537444942e+03
2.046387985620898007e+03
1.715179056232522953e+03
1.447994080404193710e+03
1.219343007870397287e+03
1.013608050490291248e+03
8.185172419489226741e+02
6.205446021254587095e+02
3.940881382466371292e+02
8.901445619082391204e+03
4.256115489052280282e+03
3.034531194455038531e+03
2.390475817963771078e+03
1.963869858125150131e+03
1.645401500526716063e+03
1.388542587842186322e+03
1.168891523366529327e+03
9.712936312513587609e+02
7.840801780347198928e+02
5.942981356912356432e+02
3.772890486031911905e+02
8.545587142333266456e+03
4.080680066415992314e+03
2.908048857487059649e+03
2.289912183712241131e+03
1.880490541382829633e+03
1.574965753416394818e+03
1.328547361451817324e+03
1.117954249078293742e+03
9.286224302306179652e+02
7.493542903185101522e+02
5.677474081185590649e+02
3.603434897739126086e+02
8.183830018073867905e+03
3.902719287863010777e+03
2.780020155152133611e+03
2.188080728720702155e+03
1.796120376372664396e+03
1.503583615656762049e+03
1.267855708959753201e+03
1.066381296845103407e+03
8.854440645288964333e+02
7.141963308915757125e+02
5.408977405810906021e+02
3.431450344644350707e+02
7.814650010056346218e+03
3.721837225862595460e+03
2.649863039516206300e+03
2.084626520167021681e+03
1.710424801154664010e+03
1.431230222202978894e+03
1.206221974692689173e+03
1.014067894119527068e+03
8.415670576961300640e+02
6.784813432607276127e+02
5.136179484499695036e+02
3.257105487734905296e+02
7.438513605885685138e+03
3.538037763372893551e+03
2.517562591652890205e+03
1.979588851575490935e+03
1.623324916353850313e+03
1.357615091933301755e+03
1.143514778214075477e+03
9.607917805101926660e+02
7.969078373261177148e+02
6.420793052221519019e+02
4.857626461225037815e+02
3.078839767237143974e+02
7.056342899641475924e+03
3.350669834667012765e+03
2.382768558482771368e+03
1.872523462225504773e+03
1.534577170270441229e+03
1.282488973394753884e+03
1.079512649200586793e+03
9.063951750709877615e+02
7.512146781716746773e+02
6.048372097041902862e+02
4.572412799507777095e+02
2.895952650795370573e+02
6.665046709044715499e+03
3.159641646619444600e+03
2.245582261717940582e+03
1.763268091208388114e+03
1.443882142426439941e+03
1.205697987156675254e+03
1.013973149495819825e+03
8.505785858097821119e+02
7.042929427237629625e+02
5.664888940067479552e+02
4.278396004900727121e+02
2.707406532428834112e+02
6.265590449189083301e+03
2.965031401359516167e+03
2.105142454172161706e+03
1.651422956173554212e+03
1.350839715075208233e+03
1.126754880947799393e+03
9.464830243454882748e+02
7.929842157534212674e+02
6.557444561092422646e+02
5.267318310098779648e+02
3.973008770353534373e+02
2.510809908710716627e+02
5.854801198017557908e+03
2.765085323585003607e+03
1.960958304179235938e+03
1.536202897919685256e+03
1.254820912664950129e+03
1.044990491387446355e+03
8.763427019475267343e+02
7.329127265861039859e+02
6.049286206354893238e+02
4.850017712908608587e+02
3.650982298341502883e+02
2.303234565890274155e+02
5.432049446974870989e+03
2.558967476176610944e+03
1.811816464615729956e+03
1.416610699815503040e+03
1.154687926957725267e+03
9.593685909643927516e+02
8.025143255563931461e+02
6.693581973032092947e+02
5.509436297426892679e+02
4.404199836544902382e+02
3.306067742261785725e+02
2.079803321820403426e+02
4.992919118736965174e+03
2.345054116705754041e+03
1.656018883257931293e+03
1.290798619002610849e+03
1.048540264779504241e+03
8.678713826533330575e+02
7.229890222937448243e+02
6.004129507711436418e+02
4.919199848494079674e+02
3.914331680021368243e+02
2.924655902864659538e+02
1.832250622523555990e+02
4.531336635312885846e+03
2.118821879090186030e+03
1.489355917275857337e+03
1.154725695373763301e+03
9.322560266734160450e+02
7.665362026647628682e+02
6.339002693996433209e+02
5.224294953128927546e+02
4.246953866390541634e+02
3.353387968255207170e+02
2.486779940063995014e+02
1.547380532558202617e+02
4.032606314139621645e+03
1.871220047203309377e+03
1.303739245428321283e+03
9.999006111433610613e+02
7.975143167486730817e+02
6.470313591128361850e+02
5.277595215837575324e+02
4.288991086227663345e+02
3.439271041245056608e+02
2.680484432698056025e+02
1.964680612394965067e+02
1.209997888152660011e+02
3.462294294934141362e+03
1.579149391015475658e+03
1.075690512469683426e+03
8.032438145890990882e+02
6.225348057813409923e+02
4.908474889171553741e+02
3.896715985738653671e+02
3.090807506566729899e+02
2.426878865472040445e+02
1.858145875122545476e+02
1.341892538388991056e+02
8.170960022295855651e+01
2.690425656466491546e+03
1.147437086521426863e+03
7.167140209127284152e+02
4.928983313487578926e+02
3.576699909454243311e+02
2.688154675305328851e+02
2.064302791621307733e+02
1.601137137996003901e+02
1.238352668469138109e+02
9.385449874450949892e+01
6.732791207210847517e+01
4.089674477622688897e+01
