0.000000000000000000e+00
2.676401415942468789e-02
3.759121156484772630e-01
0.000000000000000000e+00
5.327152615628188287e-02
0.000000000000000000e+00
8.175294532630417166e-01
0.000000000000000000e+00
5.006309718672126152e-01
0.000000000000000000e+00
0.000000000000000000e+00
0.000000000000000000e+00
9.795840682782398501e-01
0.000000000000000000e+00
6.995146574150122865e-01
0.000000000000000000e+00
9.248774923837864703e-01
0.000000000000000000e+00
8.479414953461517079e-01
0.000000000000000000e+00
0.000000000000000000e+00
0.000000000000000000e+00
2.871941532614556425e-01
0.000000000000000000e+00
2.691905952008364356e-01
0.000000000000000000e+00
2.284084115706555562e-01
0.000000000000000000e+00
2.062529992234315157e-01
0.000000000000000000e+00
2.260536667006557421e-01
0.000000000000000000e+00
6.346247234918375169e-01
0.000000000000000000e+00
3.263797414137013519e-01
0.000000000000000000e+00
0.000000000000000000e+00
1.630659450662694521e-01
0.000000000000000000e+00
1.448926197828096507e-01
0.000000000000000000e+00
1.642514820496036032e-01
0.000000000000000000e+00
1.900020240191157839e-01
0.000000000000000000e+00
2.251393438196611640e-01
0.000000000000000000e+00
1.992491313812967124e-01
0.000000000000000000e+00
1.716430558479698776e-01
0.000000000000000000e+00
2.859431999740689179e-01
0.000000000000000000e+00
3.700006374087322913e-01
0.000000000000000000e+00
2.959879078391856599e-01
0.000000000000000000e+00
4.057811315213694647e-01
0.000000000000000000e+00
3.041081085775126369e-01
0.000000000000000000e+00
5.579618928661678190e-01
0.000000000000000000e+00
5.790489187950162986e-01
0.000000000000000000e+00
6.208119268223054599e-01
0.000000000000000000e+00
8.037349843737238153e-01
0.000000000000000000e+00
8.860018090902094245e-01
0.000000000000000000e+00
1.298225165121972557e-01
0.000000000000000000e+00
1.374251636888968453e-01
0.000000000000000000e+00
4.096986811013454965e-01
0.000000000000000000e+00
3.023592594303748382e-01
0.000000000000000000e+00
2.464431604308340573e-01
0.000000000000000000e+00
4.984465552701614621e-01
0.000000000000000000e+00
6.231782716776420594e-01
0.000000000000000000e+00
9.623148771962751757e-01
0.000000000000000000e+00
3.905916864800163535e-01
0.000000000000000000e+00
5.330295229768725607e-01
0.000000000000000000e+00
5.400970733694770987e-01
0.000000000000000000e+00
5.970475877114545665e-02
0.000000000000000000e+00
3.760850848820615488e-01
0.000000000000000000e+00
6.573608371376816750e-01
0.000000000000000000e+00
7.933555873380404577e-01
0.000000000000000000e+00
9.169796589873109305e-01
0.000000000000000000e+00
0.000000000000000000e+00
0.000000000000000000e+00
0.000000000000000000e+00
0.000000000000000000e+00
0.000000000000000000e+00
0.000000000000000000e+00
0.000000000000000000e+00
0.000000000000000000e+00
0.000000000000000000e+00
0.000000000000000000e+00
0.000000000000000000e+00
0.000000000000000000e+00
0.000000000000000000e+00
0.000000000000000000e+00
8.657594825219849799e-02
2.651968058564749819e-01
7.943958212095600380e-02
0.000000000000000000e+00
2.020198209649117504e-01
0.000000000000000000e+00
0.000000000000000000e+00
0.000000000000000000e+00
1.414768637152588604e-01
3.930170591828057169e-01
0.000000000000000000e+00
0.000000000000000000e+00
3.509695221306422582e-03
4.124754769572937935e-02
3.287882949684086537e-02
2.763776100198355179e-01
2.022543878406703188e-01
4.364975345504087945e-01
3.001516940964155666e-01
1.005379789812193003e-01
0.000000000000000000e+00
0.000000000000000000e+00
0.000000000000000000e+00
6.640715390637296212e-01
0.000000000000000000e+00
6.830758722437080266e-01
0.000000000000000000e+00
6.997706697672853027e-01
0.000000000000000000e+00
7.395630750918703589e-01
0.000000000000000000e+00
6.980544321398309826e-01
0.000000000000000000e+00
5.326513688382762401e-01
0.000000000000000000e+00
6.419418012385587069e-01
0.000000000000000000e+00
5.876189808042595608e-01
0.000000000000000000e+00
5.352432437088836537e-01
0.000000000000000000e+00
5.676210388784980188e-01
0.000000000000000000e+00
5.837581401867412145e-01
0.000000000000000000e+00
5.303058196381014167e-01
0.000000000000000000e+00
5.294792970654530473e-01
0.000000000000000000e+00
7.308639500560897007e-02
0.000000000000000000e+00
0.000000000000000000e+00
0.000000000000000000e+00
7.651524012813303299e-01
0.000000000000000000e+00
6.807495972194431699e-01
0.000000000000000000e+00
4.323191157016365582e-01
0.000000000000000000e+00
4.098786387623394312e-01
0.000000000000000000e+00
4.103627864776072665e-01
0.000000000000000000e+00
2.695000402253076577e-01
0.000000000000000000e+00
0.000000000000000000e+00
0.000000000000000000e+00
3.343231428330897259e-01
0.000000000000000000e+00
2.542261533806346452e-01
0.000000000000000000e+00
2.692838501885663205e-01
0.000000000000000000e+00
1.583650095434850635e-01
0.000000000000000000e+00
2.451628911168773073e-01
0.000000000000000000e+00
2.637148216503489295e-01
0.000000000000000000e+00
1.571825339497217033e-01
0.000000000000000000e+00
1.613056537395644863e-02
0.000000000000000000e+00
0.000000000000000000e+00
0.000000000000000000e+00
0.000000000000000000e+00
0.000000000000000000e+00
0.000000000000000000e+00
0.000000000000000000e+00
7.406573987036459972e-01
0.000000000000000000e+00
0.000000000000000000e+00
0.000000000000000000e+00
0.000000000000000000e+00
0.000000000000000000e+00
0.000000000000000000e+00
1.740242234236594465e-01
0.000000000000000000e+00
3.342631489262956612e-01
0.000000000000000000e+00
7.156261889679995658e-01
0.000000000000000000e+00
9.383354579828259157e-01
0.000000000000000000e+00
0.000000000000000000e+00
0.000000000000000000e+00
0.000000000000000000e+00
0.000000000000000000e+00
0.000000000000000000e+00
0.000000000000000000e+00
0.000000000000000000e+00
0.000000000000000000e+00
0.000000000000000000e+00
0.000000000000000000e+00
0.000000000000000000e+00
0.000000000000000000e+00
0.000000000000000000e+00
1.155770530967334120e-01
0.000000000000000000e+00
0.000000000000000000e+00
0.000000000000000000e+00
3.322078096203166103e-02
0.000000000000000000e+00
1.480986840523906001e-01
0.000000000000000000e+00
3.409493839562720285e-02
5.382043209935116757e-02
0.000000000000000000e+00
0.000000000000000000e+00
7.101066291203349534e-01
8.429786054327087497e-01
0.000000000000000000e+00
0.000000000000000000e+00
8.080861003860790870e-01
5.468517925302492921e-01
0.000000000000000000e+00
0.000000000000000000e+00
7.305175954960838602e-01
0.000000000000000000e+00
0.000000000000000000e+00
0.000000000000000000e+00
8.560258504224826925e-01
0.000000000000000000e+00
0.000000000000000000e+00
0.000000000000000000e+00
0.000000000000000000e+00
0.000000000000000000e+00
1.194413311744039891e-01
1.344437018594210331e-01
0.000000000000000000e+00
0.000000000000000000e+00
1.493769221412605819e-01
1.340793341916645953e-01
0.000000000000000000e+00
0.000000000000000000e+00
2.129765094371648404e-01
2.606356624217719964e-01
0.000000000000000000e+00
0.000000000000000000e+00
2.190157637141351976e-01
2.475209444289464544e-01
0.000000000000000000e+00
0.000000000000000000e+00
1.674669648973039215e-01
2.294225351669621771e-01
0.000000000000000000e+00
0.000000000000000000e+00
1.953025072420274122e-01
1.931728827114419789e-01
0.000000000000000000e+00
0.000000000000000000e+00
0.000000000000000000e+00
1.321801820659057880e-01
0.000000000000000000e+00
0.000000000000000000e+00
0.000000000000000000e+00
2.568396466393512156e-01
0.000000000000000000e+00
0.000000000000000000e+00
0.000000000000000000e+00
2.446619743626197718e-01
0.000000000000000000e+00
0.000000000000000000e+00
0.000000000000000000e+00
2.221776870283617977e-01
0.000000000000000000e+00
0.000000000000000000e+00
0.000000000000000000e+00
5.713853100299061127e-01
3.031121876597550058e-01
0.000000000000000000e+00
0.000000000000000000e+00
2.565440219006246969e-01
0.000000000000000000e+00
0.000000000000000000e+00
4.801320211987336606e-01
0.000000000000000000e+00
5.258235136545234001e-01
