-3.601712644924471001e-03 1.085988195744093908e-02 2.492393926100404736e-02
-2.382651752408930252e-03 -5.749159685165182616e-03 2.730085199126716308e-02
-2.449871719817291443e-03 1.402944053142804980e-02 5.808690769541550308e-02
-5.437594794674510679e-03 -7.328274526483657091e-03 6.068265296575459794e-02
-2.976668838839742481e-03 1.806496568436627773e-02 1.051885013530555468e-01
-5.965374370077150198e-03 -1.012458802753958206e-02 1.077594792298390558e-01
-3.163662691259489998e-03 2.122599361471070450e-02 1.642724424531419869e-01
-7.358532982522698711e-03 -1.209720008466738488e-02 1.664956329054763928e-01
-3.688074518598730318e-03 2.448320535517702415e-02 2.361510701717171312e-01
-8.834451576047600355e-03 -1.388637491007647072e-02 2.375760127040314751e-01
-5.443139596515375774e-03 2.856015254620176275e-02 3.213936187968758351e-01
-1.182165577035361285e-02 -1.436414881478152196e-02 3.230889950358191709e-01
-5.561478055252497797e-03 3.119268970313561137e-02 4.221630423453916481e-01
-1.612313378650182677e-02 -1.300851563890495673e-02 4.232358869986627137e-01
-6.992565001053723146e-03 3.464897865770686508e-02 5.390160046188455789e-01
-2.111687404530494805e-02 -1.023479910948434449e-02 5.401983708928755901e-01
-9.281442977093224897e-03 3.787510771973226498e-02 6.707287214704886757e-01
-2.626653636451006107e-02 -7.699049899263186829e-03 6.721373794863565454e-01
-1.203905873390796570e-02 4.117124860744594828e-02 8.202553161976877671e-01
-3.202551250560783935e-02 -4.493851224841063398e-03 8.213425746289674256e-01
-1.600883893769343772e-02 4.515108216279815900e-02 9.898685709721637416e-01
-3.776886257774404038e-02 -7.372289117689296537e-05 9.906969932982716553e-01
-1.995940743523366007e-02 4.906903605246468181e-02 1.180226497477573799e+00
-4.410692160017745667e-02 5.119935611094281018e-03 1.180844862864829148e+00
-2.743523645088674287e-02 5.580080584162663837e-02 1.395397984969392491e+00
-5.117292404507788744e-02 1.223497987175971302e-02 1.396028994750734942e+00
-3.547680789412159530e-02 6.252459028455925605e-02 1.635054208217506355e+00
-5.795994523104222584e-02 1.916504848121556442e-02 1.634955593546458363e+00
-4.397895806987715123e-02 6.927213070290894059e-02 1.900554363760568188e+00
-6.585899757074788197e-02 2.769311408640265371e-02 1.900197711219029584e+00
-5.351059438040563915e-02 7.797206204652085137e-02 2.207642521558101034e+00
-7.307557700347924734e-02 3.699251507624736618e-02 2.207512125926311075e+00
-6.433100898807411760e-02 8.434592996132048159e-02 2.566760460471451122e+00
-7.869323141978960823e-02 4.695033432769363246e-02 2.566911382715063805e+00
-7.298551205350686799e-02 8.632644180418723445e-02 2.950558139956632964e+00
-8.537319933647247172e-02 5.882632209246987931e-02 2.950528476329312699e+00
0.000000000000000000e+00 0.000000000000000000e+00 0.000000000000000000e+00
0.000000000000000000e+00 0.000000000000000000e+00 0.000000000000000000e+00
-3.845757824397269629e-03 5.623932500820268826e-03 1.597724394074409235e-02
-2.516676887025716576e-04 -2.008430458149068447e-03 1.683664844107797889e-02
-3.579513285903409333e-03 8.029460633665604780e-03 4.718435478213747758e-02
-1.083224393141923999e-03 -3.269654754595938562e-03 4.772725032093406289e-02
-3.565054534115760527e-03 1.074034328075491353e-02 9.336291214895370283e-02
-2.700036112161403271e-03 -4.928771094571422935e-03 9.361992110849870485e-02
-3.585102565340379712e-03 1.409814767531267742e-02 1.598086307297353070e-01
-4.291677184788746623e-03 -5.497580027487650352e-03 1.595474837984836580e-01
-4.077611742986009605e-03 1.837527334785183861e-02 2.431952453900599886e-01
-7.752398188203626049e-03 -4.295819869161044552e-03 2.428075602902533547e-01
-5.221831629829205845e-03 2.205009544886157510e-02 3.538805670491496635e-01
-1.044670855975297040e-02 -2.939035261277402056e-03 3.542205090310339699e-01
-7.448803190542759890e-03 2.581271354997769288e-02 4.828984586862579143e-01
-1.437784928508790278e-02 -3.970451561194871339e-04 4.829003154615210125e-01
-1.058357338504937323e-02 2.924969502362332469e-02 6.283463094161163554e-01
-1.905866979498015146e-02 3.016078487024513761e-03 6.283419468999642543e-01
-1.449802801500959214e-02 3.328830428888440718e-02 7.902885008941764600e-01
-2.384527297810686355e-02 7.148758688561269482e-03 7.902323637278727553e-01
-1.860356699187091373e-02 3.750205801321974258e-02 9.717519018536886488e-01
-2.935534227315390876e-02 1.208581616758019200e-02 9.717024609723915463e-01
-2.347083957267036627e-02 4.137507650012856725e-02 1.167792217710665659e+00
-3.524906368133660234e-02 1.757191797604916797e-02 1.167699359420654170e+00
-3.169829982172189115e-02 4.829249418068294608e-02 1.387789675499954356e+00
-4.185227188717943747e-02 2.431056956023583057e-02 1.387712702366738382e+00
-3.969744124227535947e-02 5.424089271835916271e-02 1.623653302483067273e+00
-4.987559782572414946e-02 3.164932896193536904e-02 1.623461760161835743e+00
-4.803356760657984809e-02 6.057932452215263747e-02 1.885940327804818573e+00
-5.749044686143062882e-02 3.872716560146290121e-02 1.885784818184007339e+00
-5.789650118620532498e-02 6.821845064274638382e-02 2.190697461812333380e+00
-6.592461258152930437e-02 4.687596469946097438e-02 2.190633885557678795e+00
-6.756997764602602763e-02 7.483752506384644398e-02 2.538058513452441378e+00
-7.423565184462270483e-02 5.562110519437661604e-02 2.538085237255711224e+00
-7.581138888565204514e-02 7.959862644037166146e-02 2.936120908334650004e+00
-8.141295019680674927e-02 6.576540322128264504e-02 2.936154225228124304e+00
0.000000000000000000e+00 0.000000000000000000e+00 0.000000000000000000e+00
0.000000000000000000e+00 0.000000000000000000e+00 0.000000000000000000e+00
