3.623931924132187121e-01
-1.254941885545630400e-03
-1.752880486974763702e-02
1.802567015744331314e-01
-2.775467727262096677e-03
1.558932290063840820e-01
-4.257907768254094033e-02
1.666559343094551060e-01
-4.800110902771044519e-02
1.383908521526696911e-01
1.129611477778259994e-02
5.998865012967819627e-02
-3.807166879813710797e-02
1.493683453642154491e-01
-3.169765993489354755e-02
2.213258433399055425e-01
-1.237287999043361168e-02
2.009944661409527877e-01
-5.439785198355476942e-02
2.213062235723783078e-01
1.790270188651611749e-02
1.985510397451331066e-01
-2.105346596015245098e-02
2.306209308492326304e-01
-7.595847892033925908e-02
3.255814829622356021e-01
-6.664499049940611486e-02
1.800937103816081797e-01
-5.992307124753901149e-02
4.183482059828227961e-01
-5.870211602867909939e-02
4.135599129917418293e-01
-9.041453020045686628e-02
1.090858607720346651e-01
-9.043001977014490655e-02
1.597009693802936836e-01
5.359598338950980478e-01
-5.271849505053822771e-01
5.137518660705310269e-01
-4.684314855449104309e-01
4.706613476120659056e-01
-4.779159649772926621e-01
4.789366761581115295e-01
-4.914149146601475282e-01
4.904851655167324909e-01
-5.095054837897400324e-01
5.067875403387533950e-01
-4.509149098511600617e-01
5.172889361417211118e-01
-3.884397845585793041e-01
4.461016394038864186e-01
-4.622208262565744019e-01
4.504480234415895734e-01
-4.784786704117403033e-01
4.626983884243177081e-01
-3.827660293042230433e-01
5.022350496570824330e-01
-3.935620577202567083e-01
5.592069344958302546e-01
-2.949501908267355699e-01
5.603822634615851506e-01
-3.427348438955490906e-01
5.775209788135928779e-01
-3.182466997022879718e-01
7.970975310196130037e-01
-2.609172730078703206e-01
5.289355435131359862e-01
-1.559065070994918867e-01
2.769788460011974318e-01
-8.593207326380193634e-02
4.333243430524544859e-01
-3.000526342786506429e-01
3.437009732051077848e-01
-2.722489452912859598e-01
3.731766188443066956e-01
-4.058214027911977162e-01
4.654032227101365105e-01
-2.994978087089857355e-01
5.571942941377503455e-01
-2.441110278317602800e-01
4.502932325657896251e-01
-2.139491914376373538e-01
3.925262068066363019e-01
-1.851842015562471799e-01
2.944076804371412726e-01
-1.588680573104643001e-01
3.228833134758152257e-01
-1.031720604344182196e-01
3.434242938386531385e-01
-8.799742440674009070e-02
2.530624693051843899e-01
-7.133143195840639661e-02
4.022353447920262726e-01
-5.913976271279839346e-03
3.072885176191352818e-01
-6.208759145444536082e-02
3.485136161118414511e-01
-1.085232903757967354e-01
4.263972805942186639e-01
-1.047797255584479031e-01
3.394231577990549087e-01
-9.083015979560363218e-02
2.446540729384897861e-01
8.655726548431716405e-02
5.893793839988112904e-01
6.783673591992140928e-01
7.102134329778656552e-01
6.512822445384854886e-01
4.443077676024133615e-01
5.650013583350427249e-01
3.839532421545279184e-01
4.569075450010157136e-01
5.915475162275678489e-01
4.999216124558695795e-01
4.208587179957249957e-01
3.509536554669933639e-01
4.056612519954006513e-01
-7.309896781693270285e-02
-3.121388301136950316e-01
-1.392882800706430613e-01
2.068254557414974659e-01
-5.669045818998603992e-02
4.326225464035469148e-01
2.888791118033481320e-01
1.450272090003296710e-01
-1.568483213455599268e-01
-2.488698343674838609e-01
2.343444409178592203e-01
1.382115378619089155e-03
-3.528825087978909505e-03
-4.971967492334837535e-02
-4.838174186114233694e-02
-1.015158725870644735e-01
-9.531819791472649628e-02
-2.734910650556451883e-01
-2.621616556434659961e-01
-1.308142855403249816e-01
7.054380588138554897e-02
1.226475738063410315e-01
5.442749619969573516e-01
-2.268867785231728496e-01
6.391845043513719737e-01
-2.906846503542707127e-01
5.624857736088573201e-01
-2.872677381919100936e-01
4.864927256089780494e-01
-2.914890606051177002e-01
4.356670467395210022e-01
-2.815037106674629364e-01
4.386607822550799285e-01
-2.488372308612911699e-01
4.930867205029084710e-01
-2.701876966416005277e-01
3.583328688521242866e-01
-2.522462489624622273e-01
3.160379200591548199e-01
-2.340499230705668510e-01
3.851077680365628253e-01
-2.356763290645391140e-01
3.824427923292590403e-01
-2.286517789823274416e-01
5.018425565722632875e-01
-2.107214746016015106e-01
3.864565276397904370e-01
-1.639361252779575062e-01
2.436105083088073442e-01
-4.577153239073037012e-03
4.105726483860609455e-01
1.038753007867024569e-01
4.906406948848734406e-01
-1.219310244755504313e-01
2.562221949275306221e-01
-6.549807900776176417e-02
4.206639284482839858e-01
-2.615863505655117716e-01
3.583905743537216249e-01
-2.376229675191206814e-01
2.138073437340058114e-01
-2.145993140807987698e-01
2.896324261993810656e-01
-1.336747138969284765e-01
1.898855241182371145e-01
8.537123092185051887e-02
3.515353117805840588e-01
-1.261543119176895267e-01
2.813456294880125053e-01
-7.241600392898381311e-02
2.082997419283771912e-01
-7.717091859521393871e-02
2.475641825181541800e-01
-3.549723476485705520e-02
3.103732953410138218e-01
-6.312815182419029281e-02
2.180735894520963447e-01
-4.264089868780480963e-02
4.282688692122395557e-01
-4.083739512327801136e-02
2.411466687395620312e-01
-3.155018301318598430e-03
2.248741165519469176e-01
8.368340957555888901e-03
3.145472925577167955e-01
2.810294257969375101e-03
2.442700063231081353e-01
3.187143622501279611e-03
4.042369285189082451e-01
-7.318293510767255594e-02
1.978081101674882269e-01
1.697556752389220436e-01
1.078015429311007800e-01
7.793168091070386272e-02
6.883794923248934272e-02
1.053626587817294707e-01
-1.428124994275668108e-02
1.560454996599281441e-01
-2.629551772434637197e-02
1.223509609403334586e-01
-5.846300863246129548e-02
1.373478950600779958e-01
-2.652100147348282824e-02
1.514839700718110249e-01
2.002899115612152836e-02
1.769543720262375386e-01
6.670848223103449659e-02
1.319001534976430579e-01
9.506758744973395348e-02
7.809100852861973474e-02
1.582392213884389054e-01
6.086740507086129542e-02
9.409021072753218431e-03
2.020756344292276852e-01
2.442300828548891745e-01
3.928519938667311522e-03
1.144861654756526986e-01
-1.424358204578685116e-02
1.327203646157796291e-01
2.016672417914234239e-01
3.436263360523817978e-01
-8.501998688324914621e-03
6.535857158640868969e-02
-4.158832084811089208e-02
7.715194446025935848e-02
-9.309965549890568751e-03
-2.621522598182038453e-03
4.533202823088004485e-01
9.337576544609740847e-02
-5.470113504891894324e-02
-5.622660113394963716e-02
1.748571489020805114e-01
2.217099903760197943e-01
-5.639286674893568413e-02
-2.940974202784539873e-02
1.342018731968775413e-01
1.703464764180723234e-01
-5.227765396023927036e-02
6.531142685600421468e-04
9.551571704192775292e-02
1.521921477317869642e-01
-5.225325384442284365e-02
3.899181249987545422e-02
1.412731420181782827e-01
7.747869931508666319e-03
4.012603810218004670e-03
1.913226577899463654e-01
-1.809196719644908663e-02
-1.527755539936540181e-02
3.707577485302323422e-02
1.769513290618026646e-01
-2.161613977313657856e-02
-3.005631332848128848e-02
1.841236067831210910e-01
1.902006634751220726e-01
-3.479988908368245037e-02
-4.155385507533114475e-02
1.926464309103224914e-01
2.136889146258915406e-01
-3.820291039603335853e-02
-4.217716269173116261e-02
1.663957916011965521e-01
2.672280879654201358e-01
-2.911099040582763864e-02
-3.937955173828079636e-02
1.586435865882924179e-01
3.161829607383446761e-01
-4.157023623959377190e-02
-4.009074167559163043e-02
1.205211934504292898e-01
1.097749377363576306e-01
2.937718912450179576e-01
-2.764188838286235975e-02
2.064535947689534190e-01
1.162878750606376604e-01
2.865002076695616906e-01
-4.918611177827905689e-02
8.424727938865987642e-02
1.368579948132094826e-01
3.900967679937346611e-01
-4.024587569283322175e-02
2.487227337098855962e-02
1.579138378072837134e-01
6.833137780890105040e-01
-3.248112544914587285e-02
4.783131274321548304e-02
1.059788583393352773e-01
5.627766713700522727e-01
-5.420076556034503223e-02
-1.639995455798489571e-02
2.307111411002639723e-01
1.897517611453263253e-01
-1.365594555377546392e-02
5.414187193747267007e-02
5.776424142058198541e-01
-5.549086449487926620e-01
3.037641951898418791e-01
-2.145794349126796119e-01
