5.149899999999999478e-01 3.651400000000000201e-01 8.710000000000000728e-03 1.058772997237630079e+04
1.486779999999999990e+00 3.651400000000000201e-01 8.710000000000000728e-03 6.229828715620136791e+03
2.458569999999999922e+00 3.651400000000000201e-01 8.710000000000000728e-03 4.926137172264729998e+03
3.430359999999999854e+00 3.651400000000000201e-01 8.710000000000000728e-03 4.130949107638452006e+03
4.402149999999999785e+00 3.651400000000000201e-01 8.710000000000000728e-03 3.541869060545393040e+03
5.373929999999999652e+00 3.651400000000000201e-01 8.710000000000000728e-03 3.063231800205983745e+03
6.345720000000000027e+00 3.651400000000000201e-01 8.710000000000000728e-03 2.651015765139544328e+03
7.317510000000000403e+00 3.651400000000000201e-01 8.710000000000000728e-03 2.279632450527799847e+03
8.289300000000000779e+00 3.651400000000000201e-01 8.710000000000000728e-03 1.930882129539513926e+03
9.261079999999999757e+00 3.651400000000000201e-01 8.710000000000000728e-03 1.587809501109690473e+03
1.023287000000000013e+01 3.651400000000000201e-01 8.710000000000000728e-03 1.227159358731751126e+03
1.120466000000000051e+01 3.651400000000000201e-01 8.710000000000000728e-03 7.972102564964156954e+02
1.050400000000000000e+00 1.095429999999999904e+00 2.614000000000000004e-02 1.164876361031419947e+04
1.987430000000000030e+00 1.095429999999999904e+00 2.614000000000000004e-02 6.185330888750800113e+03
2.924459999999999837e+00 1.095429999999999904e+00 2.614000000000000004e-02 4.734110087458116141e+03
3.861489999999999867e+00 1.095429999999999904e+00 2.614000000000000004e-02 3.925368155716070760e+03
4.798519999999999897e+00 1.095429999999999904e+00 2.614000000000000004e-02 3.350909402271702675e+03
5.735549999999999926e+00 1.095429999999999904e+00 2.614000000000000004e-02 2.892842291822852076e+03
6.672579999999999956e+00 1.095429999999999904e+00 2.614000000000000004e-02 2.501295405173629206e+03
7.609609999999999985e+00 1.095429999999999904e+00 2.614000000000000004e-02 2.149270680804456788e+03
8.546640000000000015e+00 1.095429999999999904e+00 2.614000000000000004e-02 1.818244448728289626e+03
9.483670000000000044e+00 1.095429999999999904e+00 2.614000000000000004e-02 1.491492909726055814e+03
1.042070000000000007e+01 1.095429999999999904e+00 2.614000000000000004e-02 1.146817657659435099e+03
1.135773000000000010e+01 1.095429999999999904e+00 2.614000000000000004e-02 7.362971333311753597e+02
1.585800000000000098e+00 1.825720000000000010e+00 4.356999999999999762e-02 1.218768498681719029e+04
2.488080000000000069e+00 1.825720000000000010e+00 4.356999999999999762e-02 6.213968187235111145e+03
3.390350000000000197e+00 1.825720000000000010e+00 4.356999999999999762e-02 4.633161716807529046e+03
4.292620000000000324e+00 1.825720000000000010e+00 4.356999999999999762e-02 3.786685381950642750e+03
5.194899999999999629e+00 1.825720000000000010e+00 4.356999999999999762e-02 3.206240340184761862e+03
6.097170000000000201e+00 1.825720000000000010e+00 4.356999999999999762e-02 2.754478187747918128e+03
6.999439999999999884e+00 1.825720000000000010e+00 4.356999999999999762e-02 2.374062104142212320e+03
7.901709999999999567e+00 1.825720000000000010e+00 4.356999999999999762e-02 2.035023851953756321e+03
8.803990000000000649e+00 1.825720000000000010e+00 4.356999999999999762e-02 1.717793811088178245e+03
9.706260000000000332e+00 1.825720000000000010e+00 4.356999999999999762e-02 1.405329803160712800e+03
1.060853000000000002e+01 1.825720000000000010e+00 4.356999999999999762e-02 1.076762380912049139e+03
1.151079999999999970e+01 1.825720000000000010e+00 4.356999999999999762e-02 6.883306964558818208e+02
2.121210000000000040e+00 2.556010000000000115e+00 6.099999999999999867e-02 1.241579695015467405e+04
2.988719999999999821e+00 2.556010000000000115e+00 6.099999999999999867e-02 6.206822287981149202e+03
3.856240000000000112e+00 2.556010000000000115e+00 6.099999999999999867e-02 4.551438239767640880e+03
4.723749999999999893e+00 2.556010000000000115e+00 6.099999999999999867e-02 3.676880003407547520e+03
5.591269999999999740e+00 2.556010000000000115e+00 6.099999999999999867e-02 3.088934691761209706e+03
6.458789999999999587e+00 2.556010000000000115e+00 6.099999999999999867e-02 2.639474648238076952e+03
7.326299999999999812e+00 2.556010000000000115e+00 6.099999999999999867e-02 2.266311161720372183e+03
8.193820000000000547e+00 2.556010000000000115e+00 6.099999999999999867e-02 1.937114443545937320e+03
9.061329999999999885e+00 2.556010000000000115e+00 6.099999999999999867e-02 1.631203108841155881e+03
9.928850000000000620e+00 2.556010000000000115e+00 6.099999999999999867e-02 1.331625310824883400e+03
1.079635999999999996e+01 2.556010000000000115e+00 6.099999999999999867e-02 1.018130688177692491e+03
1.166388000000000069e+01 2.556010000000000115e+00 6.099999999999999867e-02 6.498706520283144528e+02
2.656610000000000138e+00 3.286300000000000221e+00 7.842000000000000359e-02 1.244144919195235525e+04
3.489370000000000083e+00 3.286300000000000221e+00 7.842000000000000359e-02 6.150142849073742582e+03
4.322129999999999583e+00 3.286300000000000221e+00 7.842000000000000359e-02 4.463112464187590376e+03
5.154889999999999972e+00 3.286300000000000221e+00 7.842000000000000359e-02 3.575608647612684763e+03
5.987639999999999851e+00 3.286300000000000221e+00 7.842000000000000359e-02 2.985028043927626641e+03
6.820400000000000240e+00 3.286300000000000221e+00 7.842000000000000359e-02 2.538743457281068913e+03
7.653159999999999741e+00 3.286300000000000221e+00 7.842000000000000359e-02 2.172238238946328238e+03
8.485920000000000130e+00 3.286300000000000221e+00 7.842000000000000359e-02 1.851787777089002930e+03
9.318669999999999121e+00 3.286300000000000221e+00 7.842000000000000359e-02 1.556130903378708808e+03
1.015142999999999951e+01 3.286300000000000221e+00 7.842000000000000359e-02 1.268272013037238594e+03
1.098418999999999990e+01 3.286300000000000221e+00 7.842000000000000359e-02 9.685495240662753531e+02
1.181695000000000029e+01 3.286300000000000221e+00 7.842000000000000359e-02 6.179068701911944572e+02
3.192019999999999857e+00 4.016580000000000261e+00 9.585000000000000464e-02 1.232194432041160326e+04
3.990019999999999900e+00 4.016580000000000261e+00 9.585000000000000464e-02 6.047351992549074566e+03
4.788020000000000387e+00 4.016580000000000261e+00 9.585000000000000464e-02 4.359846613220222935e+03
5.586020000000000429e+00 4.016580000000000261e+00 9.585000000000000464e-02 3.473238874372174905e+03
6.384019999999999584e+00 4.016580000000000261e+00 9.585000000000000464e-02 2.886361010067701045e+03
7.182019999999999627e+00 4.016580000000000261e+00 9.585000000000000464e-02 2.446122777545038844e+03
7.980019999999999669e+00 4.016580000000000261e+00 9.585000000000000464e-02 2.087251657779358084e+03
8.778019999999999712e+00 4.016580000000000261e+00 9.585000000000000464e-02 1.775578572807562068e+03
9.576019999999999754e+00 4.016580000000000261e+00 9.585000000000000464e-02 1.489771799191007176e+03
1.037401999999999980e+01 4.016580000000000261e+00 9.585000000000000464e-02 1.212842599101313226e+03
1.117201999999999984e+01 4.016580000000000261e+00 9.585000000000000464e-02 9.256946093404125122e+02
1.197001999999999988e+01 4.016580000000000261e+00 9.585000000000000464e-02 5.906460429957317047e+02
3.727419999999999956e+00 4.746870000000000367e+00 1.132800000000000057e-01 1.209167966834662366e+04
4.490669999999999717e+00 4.746870000000000367e+00 1.132800000000000057e-01 5.904885180479596784e+03
5.253910000000000302e+00 4.746870000000000367e+00 1.132800000000000057e-01 4.240123673604269243e+03
6.017149999999999999e+00 4.746870000000000367e+00 1.132800000000000057e-01 3.365868850781104811e+03
6.780389999999999695e+00 4.746870000000000367e+00 1.132800000000000057e-01 2.788855780882585350e+03
7.543639999999999901e+00 4.746870000000000367e+00 1.132800000000000057e-01 2.357775828069346517e+03
8.306879999999999598e+00 4.746870000000000367e+00 1.132800000000000057e-01 2.008061681852003858e+03
9.070119999999999294e+00 4.746870000000000367e+00 1.132800000000000057e-01 1.705810922815599497e+03
9.833360000000000767e+00 4.746870000000000367e+00 1.132800000000000057e-01 1.429887988586125402e+03
1.059661000000000008e+01 4.746870000000000367e+00 1.132800000000000057e-01 1.163555468497458833e+03
1.135984999999999978e+01 4.746870000000000367e+00 1.132800000000000057e-01 8.879990469103087207e+02
1.212308999999999948e+01 4.746870000000000367e+00 1.132800000000000057e-01 5.668118013538387459e+02
4.262830000000000119e+00 5.477159999999999584e+00 1.307000000000000106e-01 1.177379774985488621e+04
4.991310000000000358e+00 5.477159999999999584e+00 1.307000000000000106e-01 5.729129751865605613e+03
5.719800000000000217e+00 5.477159999999999584e+00 1.307000000000000106e-01 4.105262192546212646e+03
6.448279999999999568e+00 5.477159999999999584e+00 1.307000000000000106e-01 3.252749214937130091e+03
7.176770000000000316e+00 5.477159999999999584e+00 1.307000000000000106e-01 2.690645698514673313e+03
7.905249999999999666e+00 5.477159999999999584e+00 1.307000000000000106e-01 2.271677140376329135e+03
8.633739999999999526e+00 5.477159999999999584e+00 1.307000000000000106e-01 1.932727439826876662e+03
9.362220000000000653e+00 5.477159999999999584e+00 1.307000000000000106e-01 1.640658951574311459e+03
1.009070999999999962e+01 5.477159999999999584e+00 1.307000000000000106e-01 1.374853544316767511e+03
1.081919000000000075e+01 5.477159999999999584e+00 1.307000000000000106e-01 1.118858474472163834e+03
1.154767999999999972e+01 5.477159999999999584e+00 1.307000000000000106e-01 8.543203844142994967e+02
1.227616000000000085e+01 5.477159999999999584e+00 1.307000000000000106e-01 5.457785517301751952e+02
4.798230000000000217e+00 6.207449999999999690e+00 1.481300000000000117e-01 1.138633658950540303e+04
5.491959999999999731e+00 6.207449999999999690e+00 1.481300000000000117e-01 5.527684226792760455e+03
6.185690000000000133e+00 6.207449999999999690e+00 1.481300000000000117e-01 3.958736468895757298e+03
6.879419999999999646e+00 6.207449999999999690e+00 1.481300000000000117e-01 3.134841792010145127e+03
7.573140000000000427e+00 6.207449999999999690e+00 1.481300000000000117e-01 2.591445525234790694e+03
8.266870000000000829e+00 6.207449999999999690e+00 1.481300000000000117e-01 2.186743840497326801e+03
8.960599999999999454e+00 6.207449999999999690e+00 1.481300000000000117e-01 1.859828828872386794e+03
9.654320000000000235e+00 6.207449999999999690e+00 1.481300000000000117e-01 1.578775196255972787e+03
1.034805000000000064e+01 6.207449999999999690e+00 1.481300000000000117e-01 1.323428365674604038e+03
1.104177999999999926e+01 6.207449999999999690e+00 1.481300000000000117e-01 1.077853451201589678e+03
1.173550999999999966e+01 6.207449999999999690e+00 1.481300000000000117e-01 8.241167658880747240e+02
1.242923000000000044e+01 6.207449999999999690e+00 1.481300000000000117e-01 5.272948140968163671e+02
5.333639999999999937e+00 6.937730000000000175e+00 1.655600000000000127e-01 1.094856061229031366e+04
5.992609999999999992e+00 6.937730000000000175e+00 1.655600000000000127e-01 5.311418396982307968e+03
6.651580000000000048e+00 6.937730000000000175e+00 1.655600000000000127e-01 3.805895061825996436e+03
7.310550000000000104e+00 6.937730000000000175e+00 1.655600000000000127e-01 3.013367241557170928e+03
7.969520000000000159e+00 6.937730000000000175e+00 1.655600000000000127e-01 2.490764049233767309e+03
8.628489999999999327e+00 6.937730000000000175e+00 1.655600000000000127e-01 2.101910145005241702e+03
9.287459999999999383e+00 6.937730000000000175e+00 1.655600000000000127e-01 1.788316585457864676e+03
9.946429999999999438e+00 6.937730000000000175e+00 1.655600000000000127e-01 1.519077580834696164e+03
1.060539999999999949e+01 6.937730000000000175e+00 1.655600000000000127e-01 1.274784717090422646e+03
1.126436999999999955e+01 6.937730000000000175e+00 1.655600000000000127e-01 1.040037839602131953e+03
1.192333999999999961e+01 6.937730000000000175e+00 1.655600000000000127e-01 7.971689627579222588e+02
1.258230000000000004e+01 6.937730000000000175e+00 1.655600000000000127e-01 5.117914399340309046e+02
5.869040000000000035e+00 7.668020000000000280e+00 1.829900000000000138e-01 1.051731291702018461e+04
6.493260000000000254e+00 7.668020000000000280e+00 1.829900000000000138e-01 5.092345409304972236e+03
7.117469999999999963e+00 7.668020000000000280e+00 1.829900000000000138e-01 3.640558359169563573e+03
7.741679999999999673e+00 7.668020000000000280e+00 1.829900000000000138e-01 2.882641589121239576e+03
8.365890000000000271e+00 7.668020000000000280e+00 1.829900000000000138e-01 2.384557731934383810e+03
8.990099999999999980e+00 7.668020000000000280e+00 1.829900000000000138e-01 2.014317063367504488e+03
9.614319999999999311e+00 7.668020000000000280e+00 1.829900000000000138e-01 1.715816456878892268e+03
1.023853000000000080e+01 7.668020000000000280e+00 1.829900000000000138e-01 1.459680455294438161e+03
1.086274000000000051e+01 7.668020000000000280e+00 1.829900000000000138e-01 1.227524418750073437e+03
1.148695000000000022e+01 7.668020000000000280e+00 1.829900000000000138e-01 1.004560702137742624e+03
1.211115999999999993e+01 7.668020000000000280e+00 1.829900000000000138e-01 7.738034968873828348e+02
1.273537999999999926e+01 7.668020000000000280e+00 1.829900000000000138e-01 5.011812693378672634e+02
6.416129999999999889e+00 8.403639999999999333e+00 2.515899999999999803e-01 1.023587571115570063e+04
7.015320000000000000e+00 8.403639999999999333e+00 2.515899999999999803e-01 4.964897372479508704e+03
7.614499999999999602e+00 8.403639999999999333e+00 2.515899999999999803e-01 3.567528376771529111e+03
8.213689999999999714e+00 8.403639999999999333e+00 2.515899999999999803e-01 2.831493282795099731e+03
8.812870000000000203e+00 8.403639999999999333e+00 2.515899999999999803e-01 2.344426179333348045e+03
9.412060000000000315e+00 8.403639999999999333e+00 2.515899999999999803e-01 1.980558679530251993e+03
1.001124000000000080e+01 8.403639999999999333e+00 2.515899999999999803e-01 1.686429811136258195e+03
1.061041999999999952e+01 8.403639999999999333e+00 2.515899999999999803e-01 1.433387216295516055e+03
1.120960999999999963e+01 8.403639999999999333e+00 2.515899999999999803e-01 1.203678674053252280e+03
1.180879000000000012e+01 8.403639999999999333e+00 2.515899999999999803e-01 9.826584971510079640e+02
1.240798000000000023e+01 8.403639999999999333e+00 2.515899999999999803e-01 7.534262804432551093e+02
1.300716000000000072e+01 8.403639999999999333e+00 2.515899999999999803e-01 4.826737193919382776e+02
6.974899999999999878e+00 9.144590000000000884e+00 3.713600000000000234e-01 9.932613201525806289e+03
7.558790000000000120e+00 9.144590000000000884e+00 3.713600000000000234e-01 4.807520384420544360e+03
8.142680000000000362e+00 9.144590000000000884e+00 3.713600000000000234e-01 3.451235457591808881e+03
8.726559999999999206e+00 9.144590000000000884e+00 3.713600000000000234e-01 2.736145309425265168e+03
9.310449999999999449e+00 9.144590000000000884e+00 3.713600000000000234e-01 2.262235434826206529e+03
9.894339999999999691e+00 9.144590000000000884e+00 3.713600000000000234e-01 1.907691309796880205e+03
1.047822999999999993e+01 9.144590000000000884e+00 3.713600000000000234e-01 1.620416458760794285e+03
1.106212000000000018e+01 9.144590000000000884e+00 3.713600000000000234e-01 1.373042226345966355e+03
1.164601000000000042e+01 9.144590000000000884e+00 3.713600000000000234e-01 1.148235130816807896e+03
1.222988999999999926e+01 9.144590000000000884e+00 3.713600000000000234e-01 9.319747381932859298e+02
1.281377999999999950e+01 9.144590000000000884e+00 3.713600000000000234e-01 7.090882500586526476e+02
1.339766999999999975e+01 9.144590000000000884e+00 3.713600000000000234e-01 4.506705251253056304e+02
7.533669999999999867e+00 9.885540000000000660e+00 4.911300000000000110e-01 9.638409579854158437e+03
8.102259999999999351e+00 9.885540000000000660e+00 4.911300000000000110e-01 4.655206741982524363e+03
8.670849999999999724e+00 9.885540000000000660e+00 4.911300000000000110e-01 3.337611591283293365e+03
9.239440000000000097e+00 9.885540000000000660e+00 4.911300000000000110e-01 2.642624567862662843e+03
9.808040000000000092e+00 9.885540000000000660e+00 4.911300000000000110e-01 2.181746803475071829e+03
1.037663000000000046e+01 9.885540000000000660e+00 4.911300000000000110e-01 1.836778136979013425e+03
1.094522000000000084e+01 9.885540000000000660e+00 4.911300000000000110e-01 1.557268420482207148e+03
1.151380999999999943e+01 9.885540000000000660e+00 4.911300000000000110e-01 1.316566510056385596e+03
1.208239999999999981e+01 9.885540000000000660e+00 4.911300000000000110e-01 1.098120642630310385e+03
1.265099000000000018e+01 9.885540000000000660e+00 4.911300000000000110e-01 8.890260537755564201e+02
1.321959000000000017e+01 9.885540000000000660e+00 4.911300000000000110e-01 6.750220436708586931e+02
1.378818000000000055e+01 9.885540000000000660e+00 4.911300000000000110e-01 4.287561224951011241e+02
8.092439999999999856e+00 1.062648000000000081e+01 6.108999999999999986e-01 9.346769522745635186e+03
8.645730000000000359e+00 1.062648000000000081e+01 6.108999999999999986e-01 4.507060721015524905e+03
9.199030000000000484e+00 1.062648000000000081e+01 6.108999999999999986e-01 3.226778212003349381e+03
9.752319999999999212e+00 1.062648000000000081e+01 6.108999999999999986e-01 2.551712441886920715e+03
1.030561999999999934e+01 1.062648000000000081e+01 6.108999999999999986e-01 2.104086697382738748e+03
1.085890999999999984e+01 1.062648000000000081e+01 6.108999999999999986e-01 1.768949663063708613e+03
1.141220999999999997e+01 1.062648000000000081e+01 6.108999999999999986e-01 1.497576108417426440e+03
1.196550000000000047e+01 1.062648000000000081e+01 6.108999999999999986e-01 1.264230955988791038e+03
1.251880000000000059e+01 1.062648000000000081e+01 6.108999999999999986e-01 1.053025309342999435e+03
1.307208999999999932e+01 1.062648000000000081e+01 6.108999999999999986e-01 8.515718066822796573e+02
1.362538999999999945e+01 1.062648000000000081e+01 6.108999999999999986e-01 6.461746216422950511e+02
1.417867999999999995e+01 1.062648000000000081e+01 6.108999999999999986e-01 4.104450965945038661e+02
8.651210000000000733e+00 1.136743000000000059e+01 7.306700000000000417e-01 9.056190815989075418e+03
9.189209999999999212e+00 1.136743000000000059e+01 7.306700000000000417e-01 4.358982274104688258e+03
9.727199999999999847e+00 1.136743000000000059e+01 7.306700000000000417e-01 3.117521541578054439e+03
1.026520000000000010e+01 1.136743000000000059e+01 7.306700000000000417e-01 2.462747341036585112e+03
1.080320000000000036e+01 1.136743000000000059e+01 7.306700000000000417e-01 2.028517018177495174e+03
1.134120000000000061e+01 1.136743000000000059e+01 7.306700000000000417e-01 1.703651683408845656e+03
1.187920000000000087e+01 1.136743000000000059e+01 7.306700000000000417e-01 1.440812931691489666e+03
1.241719999999999935e+01 1.136743000000000059e+01 7.306700000000000417e-01 1.215181281504902017e+03
1.295518999999999998e+01 1.136743000000000059e+01 7.306700000000000417e-01 1.011360690836351296e+03
1.349319000000000024e+01 1.136743000000000059e+01 7.306700000000000417e-01 8.173617131759225458e+02
1.403119000000000050e+01 1.136743000000000059e+01 7.306700000000000417e-01 6.200446230127498666e+02
1.456919000000000075e+01 1.136743000000000059e+01 7.306700000000000417e-01 3.937935918256501964e+02
9.209979999999999833e+00 1.210838000000000036e+01 8.504500000000000393e-01 8.761077437712037863e+03
9.732680000000000220e+00 1.210838000000000036e+01 8.504500000000000393e-01 4.210990969791600037e+03
1.025538000000000061e+01 1.210838000000000036e+01 8.504500000000000393e-01 3.009048085499968693e+03
1.077807999999999922e+01 1.210838000000000036e+01 8.504500000000000393e-01 2.374872020169399093e+03
1.130077999999999960e+01 1.210838000000000036e+01 8.504500000000000393e-01 1.954495043150762058e+03
1.182348999999999961e+01 1.210838000000000036e+01 8.504500000000000393e-01 1.640157943668421012e+03
1.234619000000000000e+01 1.210838000000000036e+01 8.504500000000000393e-01 1.386083474224948077e+03
1.286889000000000038e+01 1.210838000000000036e+01 8.504500000000000393e-01 1.168243952800566376e+03
1.339159000000000077e+01 1.210838000000000036e+01 8.504500000000000393e-01 9.717671468749846326e+02
1.391428999999999938e+01 1.210838000000000036e+01 8.504500000000000393e-01 7.850475570826574767e+02
1.443698999999999977e+01 1.210838000000000036e+01 8.504500000000000393e-01 5.953621174524686239e+02
1.495969999999999978e+01 1.210838000000000036e+01 8.504500000000000393e-01 3.780813793308724371e+02
9.768750000000000711e+00 1.284933000000000014e+01 9.702199999999999713e-01 8.462584474038212647e+03
1.027614999999999945e+01 1.284933000000000014e+01 9.702199999999999713e-01 4.062804957385515536e+03
1.078355999999999959e+01 1.284933000000000014e+01 9.702199999999999713e-01 2.900736334936857475e+03
1.129096000000000011e+01 1.284933000000000014e+01 9.702199999999999713e-01 2.287763510408652110e+03
1.179837000000000025e+01 1.284933000000000014e+01 9.702199999999999713e-01 1.881483014670100147e+03
1.230577000000000076e+01 1.284933000000000014e+01 9.702199999999999713e-01 1.577857701154646747e+03
1.281317999999999913e+01 1.284933000000000014e+01 9.702199999999999713e-01 1.332668455724925252e+03
1.332057999999999964e+01 1.284933000000000014e+01 9.702199999999999713e-01 1.122642249504625852e+03
1.382798999999999978e+01 1.284933000000000014e+01 9.702199999999999713e-01 9.334211612156389037e+02
1.433539000000000030e+01 1.284933000000000014e+01 9.702199999999999713e-01 7.538533138038832249e+02
1.484280000000000044e+01 1.284933000000000014e+01 9.702199999999999713e-01 5.715436532265799769e+02
1.535019999999999918e+01 1.284933000000000014e+01 9.702199999999999713e-01 3.629206231394943529e+02
1.032751000000000019e+01 1.359027000000000029e+01 1.089990000000000014e+00 8.161184761224993963e+03
1.081962000000000046e+01 1.359027000000000029e+01 1.089990000000000014e+00 3.913399602072196103e+03
1.131173000000000073e+01 1.359027000000000029e+01 1.089990000000000014e+00 2.792319717308318104e+03
1.180383999999999922e+01 1.359027000000000029e+01 1.089990000000000014e+00 2.200923065828719700e+03
1.229594999999999949e+01 1.359027000000000029e+01 1.089990000000000014e+00 1.809032743334643555e+03
1.278805999999999976e+01 1.359027000000000029e+01 1.089990000000000014e+00 1.516329035920387696e+03
1.328016000000000041e+01 1.359027000000000029e+01 1.089990000000000014e+00 1.280037462908934685e+03
1.377227000000000068e+01 1.359027000000000029e+01 1.089990000000000014e+00 1.077860258119549599e+03
1.426437999999999917e+01 1.359027000000000029e+01 1.089990000000000014e+00 8.958764931199772263e+02
1.475648999999999944e+01 1.359027000000000029e+01 1.089990000000000014e+00 7.232812612491351274e+02
1.524859999999999971e+01 1.359027000000000029e+01 1.089990000000000014e+00 5.482174926504802670e+02
1.574070999999999998e+01 1.359027000000000029e+01 1.089990000000000014e+00 3.480232108063873966e+02
1.088627999999999929e+01 1.433122000000000007e+01 1.209759999999999946e+00 7.855731026839246624e+03
1.136309999999999931e+01 1.433122000000000007e+01 1.209759999999999946e+00 3.762832112744978986e+03
1.183990999999999971e+01 1.433122000000000007e+01 1.209759999999999946e+00 2.683390554043870452e+03
1.231672000000000011e+01 1.433122000000000007e+01 1.209759999999999946e+00 2.113948862906340310e+03
1.279353000000000051e+01 1.433122000000000007e+01 1.209759999999999946e+00 1.736673647584071432e+03
1.327033999999999914e+01 1.433122000000000007e+01 1.209759999999999946e+00 1.454991549592471074e+03
1.374714999999999954e+01 1.433122000000000007e+01 1.209759999999999946e+00 1.227732440466731077e+03
1.422396999999999956e+01 1.433122000000000007e+01 1.209759999999999946e+00 1.033409434112837516e+03
1.470077999999999996e+01 1.433122000000000007e+01 1.209759999999999946e+00 8.586128315451097706e+02
1.517759000000000036e+01 1.433122000000000007e+01 1.209759999999999946e+00 6.929520765319538214e+02
1.565440000000000076e+01 1.433122000000000007e+01 1.209759999999999946e+00 5.250955813340081022e+02
1.613120999999999938e+01 1.433122000000000007e+01 1.209759999999999946e+00 3.332819923341598951e+02
1.144505000000000017e+01 1.507216999999999985e+01 1.329530000000000101e+00 7.547270170559032522e+03
1.190657000000000032e+01 1.507216999999999985e+01 1.329530000000000101e+00 3.611123339092040169e+03
1.236808000000000085e+01 1.507216999999999985e+01 1.329530000000000101e+00 2.573811090891180356e+03
1.282959999999999923e+01 1.507216999999999985e+01 1.329530000000000101e+00 2.026652789913871629e+03
1.329110999999999976e+01 1.507216999999999985e+01 1.329530000000000101e+00 1.664246282593879869e+03
1.375262999999999991e+01 1.507216999999999985e+01 1.329530000000000101e+00 1.393654142208494704e+03
1.421414000000000044e+01 1.507216999999999985e+01 1.329530000000000101e+00 1.175496570449482078e+03
1.467566000000000059e+01 1.507216999999999985e+01 1.329530000000000101e+00 9.890154933269803905e+02
1.513716999999999935e+01 1.507216999999999985e+01 1.329530000000000101e+00 8.214217704362687300e+02
1.559868999999999950e+01 1.507216999999999985e+01 1.329530000000000101e+00 6.627610050611599490e+02
1.606019999999999825e+01 1.507216999999999985e+01 1.329530000000000101e+00 5.020221391300574396e+02
1.652171999999999841e+01 1.507216999999999985e+01 1.329530000000000101e+00 3.185646988099260852e+02
1.200381999999999927e+01 1.581311999999999962e+01 1.449310000000000098e+00 7.233330451848284611e+03
1.245003999999999955e+01 1.581311999999999962e+01 1.449310000000000098e+00 3.457577823646459819e+03
1.289625999999999983e+01 1.581311999999999962e+01 1.449310000000000098e+00 2.463166890253492966e+03
1.334248000000000012e+01 1.581311999999999962e+01 1.449310000000000098e+00 1.938660990551682517e+03
1.378870000000000040e+01 1.581311999999999962e+01 1.449310000000000098e+00 1.591277658211047310e+03
1.423492000000000068e+01 1.581311999999999962e+01 1.449310000000000098e+00 1.331996932921206053e+03
1.468112999999999957e+01 1.581311999999999962e+01 1.449310000000000098e+00 1.123023860387148943e+03
1.512734999999999985e+01 1.581311999999999962e+01 1.449310000000000098e+00 9.445069160714007239e+02
1.557357000000000014e+01 1.581311999999999962e+01 1.449310000000000098e+00 7.841535662954868258e+02
1.601979000000000042e+01 1.581311999999999962e+01 1.449310000000000098e+00 6.324233371596966435e+02
1.646601000000000070e+01 1.581311999999999962e+01 1.449310000000000098e+00 4.789317897654980811e+02
1.691223000000000098e+01 1.581311999999999962e+01 1.449310000000000098e+00 3.037907054450320743e+02
1.256259000000000015e+01 1.655405999999999977e+01 1.569080000000000030e+00 6.915908993577022557e+03
1.299352000000000018e+01 1.655405999999999977e+01 1.569080000000000030e+00 3.302268674945490147e+03
1.342444000000000059e+01 1.655405999999999977e+01 1.569080000000000030e+00 2.351357322001941611e+03
1.385535999999999923e+01 1.655405999999999977e+01 1.569080000000000030e+00 1.849838843216398800e+03
1.428627999999999965e+01 1.655405999999999977e+01 1.569080000000000030e+00 1.517702002853444583e+03
1.471720000000000006e+01 1.655405999999999977e+01 1.569080000000000030e+00 1.269901626809686832e+03
1.514812000000000047e+01 1.655405999999999977e+01 1.569080000000000030e+00 1.070187209623555418e+03
1.557904000000000089e+01 1.655405999999999977e+01 1.569080000000000030e+00 8.997070710354647645e+02
1.600996999999999915e+01 1.655405999999999977e+01 1.569080000000000030e+00 7.466611931385693879e+02
1.644088999999999956e+01 1.655405999999999977e+01 1.569080000000000030e+00 6.019426552059644564e+02
1.687180999999999997e+01 1.655405999999999977e+01 1.569080000000000030e+00 4.556649557481308079e+02
1.730273000000000039e+01 1.655405999999999977e+01 1.569080000000000030e+00 2.889409790162733316e+02
1.312135999999999925e+01 1.729501000000000133e+01 1.688849999999999962e+00 6.593909223643627229e+03
1.353698999999999941e+01 1.729501000000000133e+01 1.688849999999999962e+00 3.145081937802062839e+03
1.395260999999999996e+01 1.729501000000000133e+01 1.688849999999999962e+00 2.238391649426693220e+03
1.436824000000000012e+01 1.729501000000000133e+01 1.688849999999999962e+00 1.760130295188283071e+03
1.478386000000000067e+01 1.729501000000000133e+01 1.688849999999999962e+00 1.443397073596962855e+03
1.519949000000000083e+01 1.729501000000000133e+01 1.688849999999999962e+00 1.207125445443165518e+03
1.561510999999999960e+01 1.729501000000000133e+01 1.688849999999999962e+00 1.016882141878166181e+03
1.603074000000000154e+01 1.729501000000000133e+01 1.688849999999999962e+00 8.544448069333542435e+02
1.644635999999999854e+01 1.729501000000000133e+01 1.688849999999999962e+00 7.087790562473560385e+02
1.686198999999999870e+01 1.729501000000000133e+01 1.688849999999999962e+00 5.711588287485222963e+02
1.727760999999999925e+01 1.729501000000000133e+01 1.688849999999999962e+00 4.321781833468905916e+02
1.769323999999999941e+01 1.729501000000000133e+01 1.688849999999999962e+00 2.739350051028333723e+02
1.368013000000000012e+01 1.803595999999999933e+01 1.808619999999999894e+00 6.266290403121603049e+03
1.408046000000000042e+01 1.803595999999999933e+01 1.808619999999999894e+00 2.985647110416711712e+03
1.448079000000000072e+01 1.803595999999999933e+01 1.808619999999999894e+00 2.123834248445698449e+03
1.488111999999999924e+01 1.803595999999999933e+01 1.808619999999999894e+00 1.669176032445023566e+03
1.528143999999999991e+01 1.803595999999999933e+01 1.808619999999999894e+00 1.368155488884805663e+03
1.568177000000000021e+01 1.803595999999999933e+01 1.808619999999999894e+00 1.143673961485732207e+03
1.608210000000000051e+01 1.803595999999999933e+01 1.808619999999999894e+00 9.628772833106755797e+02
1.648243000000000080e+01 1.803595999999999933e+01 1.808619999999999894e+00 8.086799707520511902e+02
1.688276000000000110e+01 1.803595999999999933e+01 1.808619999999999894e+00 6.704488615646763492e+02
1.728308000000000177e+01 1.803595999999999933e+01 1.808619999999999894e+00 5.399868740177446398e+02
1.768340999999999852e+01 1.803595999999999933e+01 1.808619999999999894e+00 4.083726862275267422e+02
1.808373999999999882e+01 1.803595999999999933e+01 1.808619999999999894e+00 2.587512546350955631e+02
1.423889999999999922e+01 1.877691000000000088e+01 1.928390000000000049e+00 5.933288980891301435e+03
1.462392999999999965e+01 1.877691000000000088e+01 1.928390000000000049e+00 2.823958441380922523e+03
1.500896000000000008e+01 1.877691000000000088e+01 1.928390000000000049e+00 2.007704953110934866e+03
1.539400000000000013e+01 1.877691000000000088e+01 1.928390000000000049e+00 1.577034668105179890e+03
1.577903000000000056e+01 1.877691000000000088e+01 1.928390000000000049e+00 1.291852543634746098e+03
1.616405999999999921e+01 1.877691000000000088e+01 1.928390000000000049e+00 1.079272019187706064e+03
1.654908999999999963e+01 1.877691000000000088e+01 1.928390000000000049e+00 9.081057524077389189e+02
1.693412000000000006e+01 1.877691000000000088e+01 1.928390000000000049e+00 7.622059822778668376e+02
1.731915000000000049e+01 1.877691000000000088e+01 1.928390000000000049e+00 6.315357671463602856e+02
1.770419000000000054e+01 1.877691000000000088e+01 1.928390000000000049e+00 5.083378492697691513e+02
1.808922000000000097e+01 1.877691000000000088e+01 1.928390000000000049e+00 3.841900630980616143e+02
1.847425000000000139e+01 1.877691000000000088e+01 1.928390000000000049e+00 2.432929326558023320e+02
1.479767000000000010e+01 1.951784999999999926e+01 2.048169999999999824e+00 5.595435892700509612e+03
1.516740000000000066e+01 1.951784999999999926e+01 2.048169999999999824e+00 2.659605392935421150e+03
1.553714000000000084e+01 1.951784999999999926e+01 2.048169999999999824e+00 1.889650909734738661e+03
1.590687999999999924e+01 1.951784999999999926e+01 2.048169999999999824e+00 1.483436759737970306e+03
1.627661000000000158e+01 1.951784999999999926e+01 2.048169999999999824e+00 1.214387120735688995e+03
1.664635000000000176e+01 1.951784999999999926e+01 2.048169999999999824e+00 1.013781051843788305e+03
1.701607999999999876e+01 1.951784999999999926e+01 2.048169999999999824e+00 8.524212542736981959e+02
1.738580999999999932e+01 1.951784999999999926e+01 2.048169999999999824e+00 7.149126575412318516e+02
1.775554999999999950e+01 1.951784999999999926e+01 2.048169999999999824e+00 5.918992777499661315e+02
1.812528999999999968e+01 1.951784999999999926e+01 2.048169999999999824e+00 4.760740476322430368e+02
1.849502000000000024e+01 1.951784999999999926e+01 2.048169999999999824e+00 3.595541842341842766e+02
1.886475000000000080e+01 1.951784999999999926e+01 2.048169999999999824e+00 2.275109048388635813e+02
1.535643999999999920e+01 2.025880000000000081e+01 2.167940000000000200e+00 5.250689841861578316e+03
1.571087999999999951e+01 2.025880000000000081e+01 2.167940000000000200e+00 2.492510328708327961e+03
1.606531999999999982e+01 2.025880000000000081e+01 2.167940000000000200e+00 1.769826024998855246e+03
1.641975000000000051e+01 2.025880000000000081e+01 2.167940000000000200e+00 1.388183424766072903e+03
1.677419000000000082e+01 2.025880000000000081e+01 2.167940000000000200e+00 1.135455229667672484e+03
1.712863000000000113e+01 2.025880000000000081e+01 2.167940000000000200e+00 9.470822248330556477e+02
1.748307000000000144e+01 2.025880000000000081e+01 2.167940000000000200e+00 7.956085274594669272e+02
1.783751000000000175e+01 2.025880000000000081e+01 2.167940000000000200e+00 6.666649759526829939e+02
1.819193999999999889e+01 2.025880000000000081e+01 2.167940000000000200e+00 5.514202194748746706e+02
1.854637999999999920e+01 2.025880000000000081e+01 2.167940000000000200e+00 4.430540068839563901e+02
1.890081999999999951e+01 2.025880000000000081e+01 2.167940000000000200e+00 3.342797450794089400e+02
1.925525999999999982e+01 2.025880000000000081e+01 2.167940000000000200e+00 2.113403462874526610e+02
1.591521000000000008e+01 2.099974999999999881e+01 2.287710000000000132e+00 4.899663006016435247e+03
1.625434999999999874e+01 2.099974999999999881e+01 2.287710000000000132e+00 2.322645580663719102e+03
1.659348999999999918e+01 2.099974999999999881e+01 2.287710000000000132e+00 1.647602219113759020e+03
1.693262999999999963e+01 2.099974999999999881e+01 2.287710000000000132e+00 1.291046574518996067e+03
1.727177000000000007e+01 2.099974999999999881e+01 2.287710000000000132e+00 1.054858091603622825e+03
1.761092000000000013e+01 2.099974999999999881e+01 2.287710000000000132e+00 8.788810781196215203e+02
1.795006000000000057e+01 2.099974999999999881e+01 2.287710000000000132e+00 7.374301411321645219e+02
1.828920000000000101e+01 2.099974999999999881e+01 2.287710000000000132e+00 6.171466452278068573e+02
1.862834000000000145e+01 2.099974999999999881e+01 2.287710000000000132e+00 5.097755672700565697e+02
1.896747999999999834e+01 2.099974999999999881e+01 2.287710000000000132e+00 4.090698627231899991e+02
1.930662999999999840e+01 2.099974999999999881e+01 2.287710000000000132e+00 3.082526038096140724e+02
1.964576999999999884e+01 2.099974999999999881e+01 2.287710000000000132e+00 1.946344813161400964e+02
1.647398000000000096e+01 2.174070000000000036e+01 2.407480000000000064e+00 4.540327091431482586e+03
1.679782000000000153e+01 2.174070000000000036e+01 2.407480000000000064e+00 2.148926418338097847e+03
1.712167000000000172e+01 2.174070000000000036e+01 2.407480000000000064e+00 1.522654017903504155e+03
1.744550999999999874e+01 2.174070000000000036e+01 2.407480000000000064e+00 1.191519286794184836e+03
1.776935999999999893e+01 2.174070000000000036e+01 2.407480000000000064e+00 9.721606446833337714e+02
1.809319999999999951e+01 2.174070000000000036e+01 2.407480000000000064e+00 8.086752695385588368e+02
1.841704999999999970e+01 2.174070000000000036e+01 2.407480000000000064e+00 6.774099525766322358e+02
1.874089000000000027e+01 2.174070000000000036e+01 2.407480000000000064e+00 5.659155712768437070e+02
1.906474000000000046e+01 2.174070000000000036e+01 2.407480000000000064e+00 4.666120483700934187e+02
1.938858000000000104e+01 2.174070000000000036e+01 2.407480000000000064e+00 3.737379122719053726e+02
1.971243000000000123e+01 2.174070000000000036e+01 2.407480000000000064e+00 2.810803658569990375e+02
2.003626999999999825e+01 2.174070000000000036e+01 2.407480000000000064e+00 1.771698412171117525e+02
1.703275000000000006e+01 2.248163999999999874e+01 2.527249999999999996e+00 4.172166148878101922e+03
1.734130000000000038e+01 2.248163999999999874e+01 2.527249999999999996e+00 1.970751294527685332e+03
1.764984000000000108e+01 2.248163999999999874e+01 2.527249999999999996e+00 1.394206572291196380e+03
1.795839000000000141e+01 2.248163999999999874e+01 2.527249999999999996e+00 1.088921790442433348e+03
1.826694000000000173e+01 2.248163999999999874e+01 2.527249999999999996e+00 8.865742060637860504e+02
1.857548999999999850e+01 2.248163999999999874e+01 2.527249999999999996e+00 7.358093977405354735e+02
1.888403999999999883e+01 2.248163999999999874e+01 2.527249999999999996e+00 6.148575563947033515e+02
1.919257999999999953e+01 2.248163999999999874e+01 2.527249999999999996e+00 5.123263227302377345e+02
1.950112999999999985e+01 2.248163999999999874e+01 2.527249999999999996e+00 4.212889393132362557e+02
1.980968000000000018e+01 2.248163999999999874e+01 2.527249999999999996e+00 3.364932494081028267e+02
2.011823000000000050e+01 2.248163999999999874e+01 2.527249999999999996e+00 2.523826234250037146e+02
2.042678000000000083e+01 2.248163999999999874e+01 2.527249999999999996e+00 1.586557297955713466e+02
1.759151999999999916e+01 2.322259000000000029e+01 2.647029999999999994e+00 3.792406710983739231e+03
1.788476999999999961e+01 2.322259000000000029e+01 2.647029999999999994e+00 1.787083401992013023e+03
1.817802000000000007e+01 2.322259000000000029e+01 2.647029999999999994e+00 1.261137283576130585e+03
1.847127000000000052e+01 2.322259000000000029e+01 2.647029999999999994e+00 9.820313516850060296e+02
1.876452000000000098e+01 2.322259000000000029e+01 2.647029999999999994e+00 7.969253266982883588e+02
1.905778000000000105e+01 2.322259000000000029e+01 2.647029999999999994e+00 6.589880595117296025e+02
1.935103000000000151e+01 2.322259000000000029e+01 2.647029999999999994e+00 5.484935563213776959e+02
1.964427999999999841e+01 2.322259000000000029e+01 2.647029999999999994e+00 4.551206369950917292e+02
1.993752999999999886e+01 2.322259000000000029e+01 2.647029999999999994e+00 3.726235406585151964e+02
2.023077999999999932e+01 2.322259000000000029e+01 2.647029999999999994e+00 2.962998604757426619e+02
2.052402999999999977e+01 2.322259000000000029e+01 2.647029999999999994e+00 2.212542703560624489e+02
2.081728999999999985e+01 2.322259000000000029e+01 2.647029999999999994e+00 1.385401398578287626e+02
1.815028999999999826e+01 2.396353999999999829e+01 2.766799999999999926e+00 3.397136755462898691e+03
1.842823999999999884e+01 2.396353999999999829e+01 2.766799999999999926e+00 1.594910723610821151e+03
1.870619999999999905e+01 2.396353999999999829e+01 2.766799999999999926e+00 1.120645527282504872e+03
1.898414999999999964e+01 2.396353999999999829e+01 2.766799999999999926e+00 8.681871392422979170e+02
1.926210999999999984e+01 2.396353999999999829e+01 2.766799999999999926e+00 7.004148831793627323e+02
1.954006000000000043e+01 2.396353999999999829e+01 2.766799999999999926e+00 5.755249898052518347e+02
1.981802000000000064e+01 2.396353999999999829e+01 2.766799999999999926e+00 4.757052034307639019e+02
2.009597000000000122e+01 2.396353999999999829e+01 2.766799999999999926e+00 3.918735484595330263e+02
2.037393000000000143e+01 2.396353999999999829e+01 2.766799999999999926e+00 3.184586847877908440e+02
2.065187999999999846e+01 2.396353999999999829e+01 2.766799999999999926e+00 2.513840970272698883e+02
2.092983999999999867e+01 2.396353999999999829e+01 2.766799999999999926e+00 1.863942133384364013e+02
2.120778999999999925e+01 2.396353999999999829e+01 2.766799999999999926e+00 1.159506859921382897e+02
1.870906000000000091e+01 2.470448999999999984e+01 2.886569999999999858e+00 2.976741680714869744e+03
1.897171000000000163e+01 2.470448999999999984e+01 2.886569999999999858e+00 1.388257662713957870e+03
1.923436999999999841e+01 2.470448999999999984e+01 2.886569999999999858e+00 9.673503287898076906e+02
1.949702999999999875e+01 2.470448999999999984e+01 2.886569999999999858e+00 7.417230895959004329e+02
1.975968999999999909e+01 2.470448999999999984e+01 2.886569999999999858e+00 5.914993246529916178e+02
2.002234999999999943e+01 2.470448999999999984e+01 2.886569999999999858e+00 4.799168703474464905e+02
2.028500999999999976e+01 2.470448999999999984e+01 2.886569999999999858e+00 3.915105626678885073e+02
2.054766000000000048e+01 2.470448999999999984e+01 2.886569999999999858e+00 3.182886269157014567e+02
2.081032000000000082e+01 2.470448999999999984e+01 2.886569999999999858e+00 2.553264019252515595e+02
2.107298000000000116e+01 2.470448999999999984e+01 2.886569999999999858e+00 1.990815875598548246e+02
2.133564000000000149e+01 2.470448999999999984e+01 2.886569999999999858e+00 1.459686849006725424e+02
2.159829999999999828e+01 2.470448999999999984e+01 2.886569999999999858e+00 8.996146383712654426e+01
1.926783000000000001e+01 2.544544000000000139e+01 3.006339999999999790e+00 2.508568124743985209e+03
1.951519000000000048e+01 2.544544000000000139e+01 3.006339999999999790e+00 1.151663964506713455e+03
1.976255000000000095e+01 2.544544000000000139e+01 3.006339999999999790e+00 7.854861643539377383e+02
2.000991000000000142e+01 2.544544000000000139e+01 3.006339999999999790e+00 5.871415510171020742e+02
2.025726999999999833e+01 2.544544000000000139e+01 3.006339999999999790e+00 4.556169617610278237e+02
2.050462999999999880e+01 2.544544000000000139e+01 3.006339999999999790e+00 3.597500596323736772e+02
2.075199999999999889e+01 2.544544000000000139e+01 3.006339999999999790e+00 2.860344531578898000e+02
2.099935999999999936e+01 2.544544000000000139e+01 3.006339999999999790e+00 2.272491047276308507e+02
2.124671999999999983e+01 2.544544000000000139e+01 3.006339999999999790e+00 1.786952546573788823e+02
2.149408000000000030e+01 2.544544000000000139e+01 3.006339999999999790e+00 1.370166460298354423e+02
2.174144000000000077e+01 2.544544000000000139e+01 3.006339999999999790e+00 9.908077238885516635e+01
2.198880000000000123e+01 2.544544000000000139e+01 3.006339999999999790e+00 6.039228356035947343e+01
1.982659999999999911e+01 2.618637999999999977e+01 3.126110000000000166e+00 1.905830291097841609e+03
2.005865999999999971e+01 2.618637999999999977e+01 3.126110000000000166e+00 8.205875541917778264e+02
2.029072000000000031e+01 2.618637999999999977e+01 3.126110000000000166e+00 5.149974589506573466e+02
2.052279000000000053e+01 2.618637999999999977e+01 3.126110000000000166e+00 3.557234356644279956e+02
2.075485000000000113e+01 2.618637999999999977e+01 3.126110000000000166e+00 2.591971943773745011e+02
2.098692000000000135e+01 2.618637999999999977e+01 3.126110000000000166e+00 1.955333863636120668e+02
2.121897999999999840e+01 2.618637999999999977e+01 3.126110000000000166e+00 1.506481116488730834e+02
2.145104999999999862e+01 2.618637999999999977e+01 3.126110000000000166e+00 1.171940782411616055e+02
2.168310999999999922e+01 2.618637999999999977e+01 3.126110000000000166e+00 9.087741419710333446e+01
2.191517999999999944e+01 2.618637999999999977e+01 3.126110000000000166e+00 6.902637697415430296e+01
2.214724000000000004e+01 2.618637999999999977e+01 3.126110000000000166e+00 4.963715966540650015e+01
2.237931000000000026e+01 2.618637999999999977e+01 3.126110000000000166e+00 3.019069073074705756e+01
