3.756927265478171466e+04
2.240334087609365815e+04
1.782870930224338736e+04
1.503228761206549461e+04
1.295214090750511059e+04
1.125209636202709953e+04
9.777266986227843518e+03
8.438144187029891327e+03
7.169968291100703027e+03
5.912104445065230721e+03
4.579581357799254874e+03
2.980594901279659553e+03
4.135515136340544996e+04
2.227952426630392802e+04
1.716315244771790094e+04
1.430826151847267647e+04
1.227328667318385305e+04
1.064140906344671748e+04
9.237031817533528738e+03
7.964700237336332975e+03
6.758590353951527504e+03
5.558446389198467841e+03
4.283330713639791611e+03
2.755061224140659760e+03
4.339399780250842014e+04
2.244628718364033921e+04
1.684203976207251617e+04
1.383761012991345706e+04
1.177146636120751464e+04
1.015493385931543526e+04
8.785227985584793714e+03
7.555499043728485958e+03
6.396045798175707205e+03
5.245975411257460109e+03
4.027735684055680395e+03
2.579137203030615183e+03
4.438166801443372970e+04
2.250161504583978603e+04
1.660100988776751183e+04
1.347939110231038285e+04
1.137499105997626793e+04
9.758743522917202426e+03
8.408946905820308530e+03
7.209926518271116947e+03
6.087960986176834922e+03
4.981518105462308995e+03
3.816413441874364253e+03
2.440008072997296040e+03
4.468972870672628051e+04
2.239284789126261967e+04
1.634515476646592469e+04
1.315880042101574873e+04
1.103250228300969866e+04
9.418735489049657190e+03
8.085977259583808518e+03
6.913340891395782819e+03
5.824300152771123066e+03
4.757351282424308010e+03
3.640032952404007119e+03
2.326008627237771179e+03
4.451555537730681681e+04
2.213067458264703600e+04
1.604361284236587926e+04
1.284020811203873927e+04
1.071375028523527362e+04
9.111624525314853599e+03
7.798931421177097036e+03
6.652378419627281801e+03
5.594738317015969187e+03
4.564195478843056662e+03
3.489958301763223517e+03
2.229935505377608024e+03
4.397715536490419618e+04
2.173588754201080155e+04
1.568946602765646821e+04
1.250832393270348985e+04
1.040241078150008616e+04
8.822773442023462849e+03
7.535025610928387323e+03
6.416709758616387262e+03
5.390237053503245079e+03
4.394540711648977776e+03
3.359483020995200604e+03
2.147380251173258330e+03
4.315471770094696694e+04
2.123096900123075466e+04
1.528629768088614219e+04
1.215897169539991955e+04
1.009083645178467123e+04
8.543252255882107420e+03
7.286114042669211813e+03
6.198530785846311119e+03
5.204119042784842350e+03
4.242541546138854756e+03
3.244515677843281082e+03
2.075401622956647770e+03
4.211099734083436488e+04
2.064163824777752234e+04
1.484553112629831958e+04
1.179391782852095275e+04
9.775409683949732425e+03
8.267344116856878827e+03
7.045638749705018199e+03
5.992068780153475927e+03
5.031400243076362131e+03
4.104152665066912959e+03
3.142306296833230135e+03
2.013060675472086814e+03
4.091939296181923419e+04
2.000972315003254334e+04
1.438292377334004595e+04
1.141177119696602858e+04
9.449649726195144467e+03
7.988197882320893768e+03
6.807428703581153059e+03
5.791824560976864632e+03
4.867823380835507123e+03
3.977106941253201512e+03
3.052406501856402429e+03
1.961981618919795892e+03
3.984524273240753973e+04
1.936159055599369458e+04
1.384348491998648751e+04
1.097169604071044523e+04
9.087904276557603225e+03
7.688175459395934922e+03
6.558827724557469082e+03
5.588317284038219441e+03
4.706564964614779456e+03
3.857136498247126838e+03
2.975251704016081476e+03
1.929363097969197497e+03
3.882391188587665965e+04
1.889161661673225535e+04
1.359362808231164672e+04
1.080481574883727080e+04
8.959523859112030550e+03
7.580034151875800490e+03
6.463943947354464399e+03
5.501812601936362626e+03
4.626545019700458397e+03
3.782175481971007684e+03
2.903447710471154551e+03
1.862246432244863854e+03
3.790207660174716875e+04
1.840138778089702100e+04
1.322815398956794161e+04
1.050103689728673635e+04
8.693823675014948094e+03
7.341151188512520093e+03
6.244141950588487816e+03
5.298009679579494332e+03
4.436419438976903621e+03
3.605768525767015490e+03
2.746979376533310642e+03
1.748135658855265774e+03
3.698193804043476848e+04
1.791227190844039069e+04
1.286015623394893919e+04
1.019560783990516393e+04
8.428086463259680386e+03
7.105173087221008245e+03
6.031964260324031784e+03
5.106668803400263641e+03
4.264938821214083873e+03
3.457552513363677463e+03
2.628840891485281645e+03
1.672053401055063432e+03
3.605501567318400339e+04
1.743299551464305478e+04
1.249726166637611459e+04
9.895749595927112750e+03
8.170668483958351317e+03
6.878241483642125786e+03
5.831227809663045264e+03
4.929144988847553577e+03
4.111501723900304569e+03
3.329510306748492440e+03
2.530024976530001368e+03
1.609226186788610221e+03
3.512722892414085800e+04
1.694694491597459273e+04
1.213676994612363160e+04
9.600640915875397695e+03
7.918569584776353622e+03
6.659421056621376920e+03
5.639948336071041922e+03
4.763366038262975053e+03
3.970077829245556586e+03
3.213157461812787915e+03
2.440868748420054089e+03
1.552437573192472200e+03
3.416860622282588884e+04
1.645701793017168893e+04
1.177622924332974617e+04
9.307095259277903097e+03
7.670352240721635098e+03
6.445986397731981015e+03
5.455278158366305433e+03
4.604422543218495775e+03
3.835746016955022242e+03
3.103314914082975974e+03
2.356864354993490906e+03
1.498828042758700349e+03
3.319013045108872757e+04
1.596389808997471118e+04
1.141378183862875267e+04
9.014697584457448102e+03
7.424525952867114938e+03
6.235536223937951945e+03
5.274386423456110606e+03
4.449781678809335972e+03
3.705385360369105001e+03
2.997006609023613692e+03
2.275564667265195112e+03
1.446970132663695495e+03
3.219706998912319250e+04
1.546246148340636319e+04
1.104884638196143715e+04
8.721745553127624589e+03
7.179394717896214388e+03
6.027004429191691088e+03
5.095670476713195967e+03
4.297399561574639847e+03
3.577249526422758208e+03
2.892511428627473379e+03
2.195647425010080497e+03
1.395981494157477300e+03
3.118367070902043270e+04
1.495437933222107313e+04
1.068037758564795513e+04
8.426667466721277378e+03
6.933724875944927589e+03
5.818202830089404415e+03
4.917280234569029744e+03
4.145387638014699405e+03
3.449706958657880477e+03
2.788545183134041508e+03
2.116258339206199707e+03
1.345197523467122664e+03
3.015752918870579379e+04
1.444051533313601976e+04
1.030799729255754573e+04
8.129476044124598047e+03
6.686521470279186360e+03
5.608461151283970139e+03
4.738361710166237572e+03
3.993248492426842404e+03
3.321903716898125822e+03
2.684531542567048746e+03
2.036778131003700992e+03
1.294283489443085273e+03
2.910464011307305191e+04
1.391761790935090175e+04
9.929979798671567551e+03
7.828349923297916575e+03
6.436247574718314354e+03
5.396768341484521443e+03
4.557828909776033470e+03
3.839836092961265422e+03
3.193263079309805107e+03
2.579675506083903656e+03
1.956649620995821124e+03
1.243035402467632366e+03
2.803820081897834825e+04
1.338657748214567982e+04
9.546336894223033596e+03
7.522996450861603080e+03
6.182966819004575882e+03
5.182525370972757628e+03
4.375181243848741360e+03
3.684541190966815975e+03
3.063059108006127190e+03
2.473618964913838226e+03
1.875628040214439807e+03
1.191189653113493932e+03
2.695162152898464046e+04
1.284659972635873419e+04
9.157343043857348675e+03
7.213291654881408249e+03
5.926048676903538762e+03
4.964869969193121506e+03
4.189997191783065318e+03
3.527122220091597683e+03
2.930960804711502988e+03
2.366032893268341923e+03
1.793287614187585177e+03
1.138579486381898732e+03
2.583955050174170538e+04
1.229662486065216217e+04
8.761030953719704485e+03
6.897908620114956648e+03
5.664440102388532068e+03
4.743921665061912790e+03
4.001483608213841308e+03
3.366941311302774011e+03
2.796473033642322207e+03
2.256383173828211056e+03
1.709484358289920237e+03
1.084806317748498259e+03
2.470389372592633663e+04
1.173682001833452159e+04
8.357295586478612677e+03
6.576857469069878789e+03
5.397902831483655063e+03
4.518262627952045477e+03
3.809059535537088323e+03
3.203210178976612951e+03
2.659070810923891258e+03
2.144233192516348481e+03
1.623518432346161717e+03
1.029759195983124300e+03
2.354873132000253827e+04
1.116448559909296273e+04
7.944794137754471194e+03
6.248922451030491175e+03
5.125588603633380444e+03
4.287467042598055741e+03
3.612115339918562768e+03
3.035491192569752002e+03
2.517979892335887143e+03
2.028982961572933164e+03
1.535119593044557632e+03
9.730244403368923258e+02
2.236188804795978285e+04
1.057976148973369345e+04
7.524036882612535919e+03
5.913051635607618664e+03
4.846403804389288780e+03
4.050572145954744428e+03
3.409547791768466595e+03
2.862659881203949681e+03
2.372346582077141193e+03
1.909856862345927311e+03
1.443580044308090692e+03
9.141591585863634464e+02
2.114722106016289763e+04
9.982545564637861389e+03
7.091818203458706193e+03
5.568249805827328601e+03
4.558724895815390482e+03
3.806036848485414339e+03
3.199996511693396769e+03
2.683364688285339071e+03
2.220866059084939479e+03
1.785434026988368259e+03
1.347709468907593191e+03
8.523759514173024172e+02
1.989256614206073937e+04
9.366478976852660708e+03
6.646374283535231370e+03
5.211069182346466732e+03
4.260417855896152105e+03
3.551168350789975193e+03
2.980689484336753594e+03
2.494906023220994939e+03
2.060975551038124195e+03
1.653718077760621782e+03
1.245793554149749298e+03
7.864416059724384240e+02
1.859590071735338279e+04
8.728314612854750521e+03
6.182867359363750438e+03
4.838119275534168992e+03
3.946980616889909470e+03
3.282041140605936562e+03
2.747761632240963536e+03
2.293613957960196785e+03
1.889187043871057995e+03
1.511268897732529922e+03
1.135167342291124896e+03
7.145256742017393208e+02
1.723970598621632962e+04
8.061958435351109074e+03
5.695198922289715483e+03
4.442310152717363053e+03
3.611335337191781491e+03
2.991189607221248025e+03
2.493563903918433425e+03
2.072097570010845175e+03
1.698654482464143030e+03
1.352324386205078326e+03
1.010918111477023103e+03
6.335743341460146212e+02
1.580069215914032793e+04
7.350272691189750731e+03
5.167131996343840001e+03
4.008253346590825913e+03
3.237768754767587779e+03
2.663567351988045175e+03
2.203627147963929929e+03
1.816683000170424975e+03
1.477274686266562185e+03
1.166697443990364718e+03
8.653699831998840182e+02
5.385076551849678026e+02
1.422243474463093116e+04
6.558940133845671880e+03
4.568565613330888482e+03
3.504275683826537261e+03
2.795321817321055732e+03
2.267816153197975837e+03
1.849649068098887028e+03
1.502904302561305485e+03
1.204843555971021942e+03
9.387997112531385255e+02
6.878765500671217978e+02
4.235509648414959543e+02
1.237349963572189881e+04
5.601708062163033901e+03
3.811549870132597334e+03
2.844058608255169929e+03
2.202408608183035994e+03
1.734817497673172738e+03
1.375750243934083755e+03
1.090146952879783839e+03
8.550838476078973827e+02
6.541097470473079056e+02
4.719601126959630051e+02
2.871675017135208350e+02
9.762494627619396852e+03
4.124400449626967202e+03
2.567338323119983670e+03
1.760342004376870364e+03
1.273877113671562029e+03
9.550156472891478643e+02
7.317974393518634315e+02
5.664206305694908679e+02
4.373275341178897406e+02
3.309560371593379955e+02
2.370839501668958178e+02
1.438191219582322162e+02
