5.149899999999999478e-01 3.651400000000000201e-01 8.710000000000000728e-03
1.486779999999999990e+00 3.651400000000000201e-01 8.710000000000000728e-03
2.458569999999999922e+00 3.651400000000000201e-01 8.710000000000000728e-03
3.430359999999999854e+00 3.651400000000000201e-01 8.710000000000000728e-03
4.402149999999999785e+00 3.651400000000000201e-01 8.710000000000000728e-03
5.373929999999999652e+00 3.651400000000000201e-01 8.710000000000000728e-03
6.345720000000000027e+00 3.651400000000000201e-01 8.710000000000000728e-03
7.317510000000000403e+00 3.651400000000000201e-01 8.710000000000000728e-03
8.289300000000000779e+00 3.651400000000000201e-01 8.710000000000000728e-03
9.261079999999999757e+00 3.651400000000000201e-01 8.710000000000000728e-03
1.023287000000000013e+01 3.651400000000000201e-01 8.710000000000000728e-03
1.120466000000000051e+01 3.651400000000000201e-01 8.710000000000000728e-03
1.050400000000000000e+00 1.095429999999999904e+00 2.614000000000000004e-02
1.987430000000000030e+00 1.095429999999999904e+00 2.614000000000000004e-02
2.924459999999999837e+00 1.095429999999999904e+00 2.614000000000000004e-02
3.861489999999999867e+00 1.095429999999999904e+00 2.614000000000000004e-02
4.798519999999999897e+00 1.095429999999999904e+00 2.614000000000000004e-02
5.735549999999999926e+00 1.095429999999999904e+00 2.614000000000000004e-02
6.672579999999999956e+00 1.095429999999999904e+00 2.614000000000000004e-02
7.609609999999999985e+00 1.095429999999999904e+00 2.614000000000000004e-02
8.546640000000000015e+00 1.095429999999999904e+00 2.614000000000000004e-02
9.483670000000000044e+00 1.095429999999999904e+00 2.614000000000000004e-02
1.042070000000000007e+01 1.095429999999999904e+00 2.614000000000000004e-02
1.135773000000000010e+01 1.095429999999999904e+00 2.614000000000000004e-02
1.585800000000000098e+00 1.825720000000000010e+00 4.356999999999999762e-02
2.488080000000000069e+00 1.825720000000000010e+00 4.356999999999999762e-02
3.390350000000000197e+00 1.825720000000000010e+00 4.356999999999999762e-02
4.292620000000000324e+00 1.825720000000000010e+00 4.356999999999999762e-02
5.194899999999999629e+00 1.825720000000000010e+00 4.356999999999999762e-02
6.097170000000000201e+00 1.825720000000000010e+00 4.356999999999999762e-02
6.999439999999999884e+00 1.825720000000000010e+00 4.356999999999999762e-02
7.901709999999999567e+00 1.825720000000000010e+00 4.356999999999999762e-02
8.803990000000000649e+00 1.825720000000000010e+00 4.356999999999999762e-02
9.706260000000000332e+00 1.825720000000000010e+00 4.356999999999999762e-02
1.060853000000000002e+01 1.825720000000000010e+00 4.356999999999999762e-02
1.151079999999999970e+01 1.825720000000000010e+00 4.356999999999999762e-02
2.121210000000000040e+00 2.556010000000000115e+00 6.099999999999999867e-02
2.988719999999999821e+00 2.556010000000000115e+00 6.099999999999999867e-02
3.856240000000000112e+00 2.556010000000000115e+00 6.099999999999999867e-02
4.723749999999999893e+00 2.556010000000000115e+00 6.099999999999999867e-02
5.591269999999999740e+00 2.556010000000000115e+00 6.099999999999999867e-02
6.458789999999999587e+00 2.556010000000000115e+00 6.099999999999999867e-02
7.326299999999999812e+00 2.556010000000000115e+00 6.099999999999999867e-02
8.193820000000000547e+00 2.556010000000000115e+00 6.099999999999999867e-02
9.061329999999999885e+00 2.556010000000000115e+00 6.099999999999999867e-02
9.928850000000000620e+00 2.556010000000000115e+00 6.099999999999999867e-02
1.079635999999999996e+01 2.556010000000000115e+00 6.099999999999999867e-02
1.166388000000000069e+01 2.556010000000000115e+00 6.099999999999999867e-02
2.656610000000000138e+00 3.286300000000000221e+00 7.842000000000000359e-02
3.489370000000000083e+00 3.286300000000000221e+00 7.842000000000000359e-02
4.322129999999999583e+00 3.286300000000000221e+00 7.842000000000000359e-02
5.154889999999999972e+00 3.286300000000000221e+00 7.842000000000000359e-02
5.987639999999999851e+00 3.286300000000000221e+00 7.842000000000000359e-02
6.820400000000000240e+00 3.286300000000000221e+00 7.842000000000000359e-02
7.653159999999999741e+00 3.286300000000000221e+00 7.842000000000000359e-02
8.485920000000000130e+00 3.286300000000000221e+00 7.842000000000000359e-02
9.318669999999999121e+00 3.286300000000000221e+00 7.842000000000000359e-02
1.015142999999999951e+01 3.286300000000000221e+00 7.842000000000000359e-02
1.098418999999999990e+01 3.286300000000000221e+00 7.842000000000000359e-02
1.181695000000000029e+01 3.286300000000000221e+00 7.842000000000000359e-02
3.192019999999999857e+00 4.016580000000000261e+00 9.585000000000000464e-02
3.990019999999999900e+00 4.016580000000000261e+00 9.585000000000000464e-02
4.788020000000000387e+00 4.016580000000000261e+00 9.585000000000000464e-02
5.586020000000000429e+00 4.016580000000000261e+00 9.585000000000000464e-02
6.384019999999999584e+00 4.016580000000000261e+00 9.585000000000000464e-02
7.182019999999999627e+00 4.016580000000000261e+00 9.585000000000000464e-02
7.980019999999999669e+00 4.016580000000000261e+00 9.585000000000000464e-02
8.778019999999999712e+00 4.016580000000000261e+00 9.585000000000000464e-02
9.576019999999999754e+00 4.016580000000000261e+00 9.585000000000000464e-02
1.037401999999999980e+01 4.016580000000000261e+00 9.585000000000000464e-02
1.117201999999999984e+01 4.016580000000000261e+00 9.585000000000000464e-02
1.197001999999999988e+01 4.016580000000000261e+00 9.585000000000000464e-02
3.727419999999999956e+00 4.746870000000000367e+00 1.132800000000000057e-01
4.490669999999999717e+00 4.746870000000000367e+00 1.132800000000000057e-01
5.253910000000000302e+00 4.746870000000000367e+00 1.132800000000000057e-01
6.017149999999999999e+00 4.746870000000000367e+00 1.132800000000000057e-01
6.780389999999999695e+00 4.746870000000000367e+00 1.132800000000000057e-01
7.543639999999999901e+00 4.746870000000000367e+00 1.132800000000000057e-01
8.306879999999999598e+00 4.746870000000000367e+00 1.132800000000000057e-01
9.070119999999999294e+00 4.746870000000000367e+00 1.132800000000000057e-01
9.833360000000000767e+00 4.746870000000000367e+00 1.132800000000000057e-01
1.059661000000000008e+01 4.746870000000000367e+00 1.132800000000000057e-01
1.135984999999999978e+01 4.746870000000000367e+00 1.132800000000000057e-01
1.212308999999999948e+01 4.746870000000000367e+00 1.132800000000000057e-01
4.262830000000000119e+00 5.477159999999999584e+00 1.307000000000000106e-01
4.991310000000000358e+00 5.477159999999999584e+00 1.307000000000000106e-01
5.719800000000000217e+00 5.477159999999999584e+00 1.307000000000000106e-01
6.448279999999999568e+00 5.477159999999999584e+00 1.307000000000000106e-01
7.176770000000000316e+00 5.477159999999999584e+00 1.307000000000000106e-01
7.905249999999999666e+00 5.477159999999999584e+00 1.307000000000000106e-01
8.633739999999999526e+00 5.477159999999999584e+00 1.307000000000000106e-01
9.362220000000000653e+00 5.477159999999999584e+00 1.307000000000000106e-01
1.009070999999999962e+01 5.477159999999999584e+00 1.307000000000000106e-01
1.081919000000000075e+01 5.477159999999999584e+00 1.307000000000000106e-01
1.154767999999999972e+01 5.477159999999999584e+00 1.307000000000000106e-01
1.227616000000000085e+01 5.477159999999999584e+00 1.307000000000000106e-01
4.798230000000000217e+00 6.207449999999999690e+00 1.481300000000000117e-01
5.491959999999999731e+00 6.207449999999999690e+00 1.481300000000000117e-01
6.185690000000000133e+00 6.207449999999999690e+00 1.481300000000000117e-01
6.879419999999999646e+00 6.207449999999999690e+00 1.481300000000000117e-01
7.573140000000000427e+00 6.207449999999999690e+00 1.481300000000000117e-01
8.266870000000000829e+00 6.207449999999999690e+00 1.481300000000000117e-01
8.960599999999999454e+00 6.207449999999999690e+00 1.481300000000000117e-01
9.654320000000000235e+00 6.207449999999999690e+00 1.481300000000000117e-01
1.034805000000000064e+01 6.207449999999999690e+00 1.481300000000000117e-01
1.104177999999999926e+01 6.207449999999999690e+00 1.481300000000000117e-01
1.173550999999999966e+01 6.207449999999999690e+00 1.481300000000000117e-01
1.242923000000000044e+01 6.207449999999999690e+00 1.481300000000000117e-01
5.333639999999999937e+00 6.937730000000000175e+00 1.655600000000000127e-01
5.992609999999999992e+00 6.937730000000000175e+00 1.655600000000000127e-01
6.651580000000000048e+00 6.937730000000000175e+00 1.655600000000000127e-01
7.310550000000000104e+00 6.937730000000000175e+00 1.655600000000000127e-01
7.969520000000000159e+00 6.937730000000000175e+00 1.655600000000000127e-01
8.628489999999999327e+00 6.937730000000000175e+00 1.655600000000000127e-01
9.287459999999999383e+00 6.937730000000000175e+00 1.655600000000000127e-01
9.946429999999999438e+00 6.937730000000000175e+00 1.655600000000000127e-01
1.060539999999999949e+01 6.937730000000000175e+00 1.655600000000000127e-01
1.126436999999999955e+01 6.937730000000000175e+00 1.655600000000000127e-01
1.192333999999999961e+01 6.937730000000000175e+00 1.655600000000000127e-01
1.258230000000000004e+01 6.937730000000000175e+00 1.655600000000000127e-01
5.869040000000000035e+00 7.668020000000000280e+00 1.829900000000000138e-01
6.493260000000000254e+00 7.668020000000000280e+00 1.829900000000000138e-01
7.117469999999999963e+00 7.668020000000000280e+00 1.829900000000000138e-01
7.741679999999999673e+00 7.668020000000000280e+00 1.829900000000000138e-01
8.365890000000000271e+00 7.668020000000000280e+00 1.829900000000000138e-01
8.990099999999999980e+00 7.668020000000000280e+00 1.829900000000000138e-01
9.614319999999999311e+00 7.668020000000000280e+00 1.829900000000000138e-01
1.023853000000000080e+01 7.668020000000000280e+00 1.829900000000000138e-01
1.086274000000000051e+01 7.668020000000000280e+00 1.829900000000000138e-01
1.148695000000000022e+01 7.668020000000000280e+00 1.829900000000000138e-01
1.211115999999999993e+01 7.668020000000000280e+00 1.829900000000000138e-01
1.273537999999999926e+01 7.668020000000000280e+00 1.829900000000000138e-01
6.416129999999999889e+00 8.403639999999999333e+00 2.515899999999999803e-01
7.015320000000000000e+00 8.403639999999999333e+00 2.515899999999999803e-01
7.614499999999999602e+00 8.403639999999999333e+00 2.515899999999999803e-01
8.213689999999999714e+00 8.403639999999999333e+00 2.515899999999999803e-01
8.812870000000000203e+00 8.403639999999999333e+00 2.515899999999999803e-01
9.412060000000000315e+00 8.403639999999999333e+00 2.515899999999999803e-01
1.001124000000000080e+01 8.403639999999999333e+00 2.515899999999999803e-01
1.061041999999999952e+01 8.403639999999999333e+00 2.515899999999999803e-01
1.120960999999999963e+01 8.403639999999999333e+00 2.515899999999999803e-01
1.180879000000000012e+01 8.403639999999999333e+00 2.515899999999999803e-01
1.240798000000000023e+01 8.403639999999999333e+00 2.515899999999999803e-01
1.300716000000000072e+01 8.403639999999999333e+00 2.515899999999999803e-01
6.974899999999999878e+00 9.144590000000000884e+00 3.713600000000000234e-01
7.558790000000000120e+00 9.144590000000000884e+00 3.713600000000000234e-01
8.142680000000000362e+00 9.144590000000000884e+00 3.713600000000000234e-01
8.726559999999999206e+00 9.144590000000000884e+00 3.713600000000000234e-01
9.310449999999999449e+00 9.144590000000000884e+00 3.713600000000000234e-01
9.894339999999999691e+00 9.144590000000000884e+00 3.713600000000000234e-01
1.047822999999999993e+01 9.144590000000000884e+00 3.713600000000000234e-01
1.106212000000000018e+01 9.144590000000000884e+00 3.713600000000000234e-01
1.164601000000000042e+01 9.144590000000000884e+00 3.713600000000000234e-01
1.222988999999999926e+01 9.144590000000000884e+00 3.713600000000000234e-01
1.281377999999999950e+01 9.144590000000000884e+00 3.713600000000000234e-01
1.339766999999999975e+01 9.144590000000000884e+00 3.713600000000000234e-01
7.533669999999999867e+00 9.885540000000000660e+00 4.911300000000000110e-01
8.102259999999999351e+00 9.885540000000000660e+00 4.911300000000000110e-01
8.670849999999999724e+00 9.885540000000000660e+00 4.911300000000000110e-01
9.239440000000000097e+00 9.885540000000000660e+00 4.911300000000000110e-01
9.808040000000000092e+00 9.885540000000000660e+00 4.911300000000000110e-01
1.037663000000000046e+01 9.885540000000000660e+00 4.911300000000000110e-01
1.094522000000000084e+01 9.885540000000000660e+00 4.911300000000000110e-01
1.151380999999999943e+01 9.885540000000000660e+00 4.911300000000000110e-01
1.208239999999999981e+01 9.885540000000000660e+00 4.911300000000000110e-01
1.265099000000000018e+01 9.885540000000000660e+00 4.911300000000000110e-01
1.321959000000000017e+01 9.885540000000000660e+00 4.911300000000000110e-01
1.378818000000000055e+01 9.885540000000000660e+00 4.911300000000000110e-01
8.092439999999999856e+00 1.062648000000000081e+01 6.108999999999999986e-01
8.645730000000000359e+00 1.062648000000000081e+01 6.108999999999999986e-01
9.199030000000000484e+00 1.062648000000000081e+01 6.108999999999999986e-01
9.752319999999999212e+00 1.062648000000000081e+01 6.108999999999999986e-01
1.030561999999999934e+01 1.062648000000000081e+01 6.108999999999999986e-01
1.085890999999999984e+01 1.062648000000000081e+01 6.108999999999999986e-01
1.141220999999999997e+01 1.062648000000000081e+01 6.108999999999999986e-01
1.196550000000000047e+01 1.062648000000000081e+01 6.108999999999999986e-01
1.251880000000000059e+01 1.062648000000000081e+01 6.108999999999999986e-01
1.307208999999999932e+01 1.062648000000000081e+01 6.108999999999999986e-01
1.362538999999999945e+01 1.062648000000000081e+01 6.108999999999999986e-01
1.417867999999999995e+01 1.062648000000000081e+01 6.108999999999999986e-01
8.651210000000000733e+00 1.136743000000000059e+01 7.306700000000000417e-01
9.189209999999999212e+00 1.136743000000000059e+01 7.306700000000000417e-01
9.727199999999999847e+00 1.136743000000000059e+01 7.306700000000000417e-01
1.026520000000000010e+01 1.136743000000000059e+01 7.306700000000000417e-01
1.080320000000000036e+01 1.136743000000000059e+01 7.306700000000000417e-01
1.134120000000000061e+01 1.136743000000000059e+01 7.306700000000000417e-01
1.187920000000000087e+01 1.136743000000000059e+01 7.306700000000000417e-01
1.241719999999999935e+01 1.136743000000000059e+01 7.306700000000000417e-01
1.295518999999999998e+01 1.136743000000000059e+01 7.306700000000000417e-01
1.349319000000000024e+01 1.136743000000000059e+01 7.306700000000000417e-01
1.403119000000000050e+01 1.136743000000000059e+01 7.306700000000000417e-01
1.456919000000000075e+01 1.136743000000000059e+01 7.306700000000000417e-01
9.209979999999999833e+00 1.210838000000000036e+01 8.504500000000000393e-01
9.732680000000000220e+00 1.210838000000000036e+01 8.504500000000000393e-01
1.025538000000000061e+01 1.210838000000000036e+01 8.504500000000000393e-01
1.077807999999999922e+01 1.210838000000000036e+01 8.504500000000000393e-01
1.130077999999999960e+01 1.210838000000000036e+01 8.504500000000000393e-01
1.182348999999999961e+01 1.210838000000000036e+01 8.504500000000000393e-01
1.234619000000000000e+01 1.210838000000000036e+01 8.504500000000000393e-01
1.286889000000000038e+01 1.210838000000000036e+01 8.504500000000000393e-01
1.339159000000000077e+01 1.210838000000000036e+01 8.504500000000000393e-01
1.391428999999999938e+01 1.210838000000000036e+01 8.504500000000000393e-01
1.443698999999999977e+01 1.210838000000000036e+01 8.504500000000000393e-01
1.495969999999999978e+01 1.210838000000000036e+01 8.504500000000000393e-01
9.768750000000000711e+00 1.284933000000000014e+01 9.702199999999999713e-01
1.027614999999999945e+01 1.284933000000000014e+01 9.702199999999999713e-01
1.078355999999999959e+01 1.284933000000000014e+01 9.702199999999999713e-01
1.129096000000000011e+01 1.284933000000000014e+01 9.702199999999999713e-01
1.179837000000000025e+01 1.284933000000000014e+01 9.702199999999999713e-01
1.230577000000000076e+01 1.284933000000000014e+01 9.702199999999999713e-01
1.281317999999999913e+01 1.284933000000000014e+01 9.702199999999999713e-01
1.332057999999999964e+01 1.284933000000000014e+01 9.702199999999999713e-01
1.382798999999999978e+01 1.284933000000000014e+01 9.702199999999999713e-01
1.433539000000000030e+01 1.284933000000000014e+01 9.702199999999999713e-01
1.484280000000000044e+01 1.284933000000000014e+01 9.702199999999999713e-01
1.535019999999999918e+01 1.284933000000000014e+01 9.702199999999999713e-01
1.032751000000000019e+01 1.359027000000000029e+01 1.089990000000000014e+00
1.081962000000000046e+01 1.359027000000000029e+01 1.089990000000000014e+00
1.131173000000000073e+01 1.359027000000000029e+01 1.089990000000000014e+00
1.180383999999999922e+01 1.359027000000000029e+01 1.089990000000000014e+00
1.229594999999999949e+01 1.359027000000000029e+01 1.089990000000000014e+00
1.278805999999999976e+01 1.359027000000000029e+01 1.089990000000000014e+00
1.328016000000000041e+01 1.359027000000000029e+01 1.089990000000000014e+00
1.377227000000000068e+01 1.359027000000000029e+01 1.089990000000000014e+00
1.426437999999999917e+01 1.359027000000000029e+01 1.089990000000000014e+00
1.475648999999999944e+01 1.359027000000000029e+01 1.089990000000000014e+00
1.524859999999999971e+01 1.359027000000000029e+01 1.089990000000000014e+00
1.574070999999999998e+01 1.359027000000000029e+01 1.089990000000000014e+00
1.088627999999999929e+01 1.433122000000000007e+01 1.209759999999999946e+00
1.136309999999999931e+01 1.433122000000000007e+01 1.209759999999999946e+00
1.183990999999999971e+01 1.433122000000000007e+01 1.209759999999999946e+00
1.231672000000000011e+01 1.433122000000000007e+01 1.209759999999999946e+00
1.279353000000000051e+01 1.433122000000000007e+01 1.209759999999999946e+00
1.327033999999999914e+01 1.433122000000000007e+01 1.209759999999999946e+00
1.374714999999999954e+01 1.433122000000000007e+01 1.209759999999999946e+00
1.422396999999999956e+01 1.433122000000000007e+01 1.209759999999999946e+00
1.470077999999999996e+01 1.433122000000000007e+01 1.209759999999999946e+00
1.517759000000000036e+01 1.433122000000000007e+01 1.209759999999999946e+00
1.565440000000000076e+01 1.433122000000000007e+01 1.209759999999999946e+00
1.613120999999999938e+01 1.433122000000000007e+01 1.209759999999999946e+00
1.144505000000000017e+01 1.507216999999999985e+01 1.329530000000000101e+00
1.190657000000000032e+01 1.507216999999999985e+01 1.329530000000000101e+00
1.236808000000000085e+01 1.507216999999999985e+01 1.329530000000000101e+00
1.282959999999999923e+01 1.507216999999999985e+01 1.329530000000000101e+00
1.329110999999999976e+01 1.507216999999999985e+01 1.329530000000000101e+00
1.375262999999999991e+01 1.507216999999999985e+01 1.329530000000000101e+00
1.421414000000000044e+01 1.507216999999999985e+01 1.329530000000000101e+00
1.467566000000000059e+01 1.507216999999999985e+01 1.329530000000000101e+00
1.513716999999999935e+01 1.507216999999999985e+01 1.329530000000000101e+00
1.559868999999999950e+01 1.507216999999999985e+01 1.329530000000000101e+00
1.606019999999999825e+01 1.507216999999999985e+01 1.329530000000000101e+00
1.652171999999999841e+01 1.507216999999999985e+01 1.329530000000000101e+00
1.200381999999999927e+01 1.581311999999999962e+01 1.449310000000000098e+00
1.245003999999999955e+01 1.581311999999999962e+01 1.449310000000000098e+00
1.289625999999999983e+01 1.581311999999999962e+01 1.449310000000000098e+00
1.334248000000000012e+01 1.581311999999999962e+01 1.449310000000000098e+00
1.378870000000000040e+01 1.581311999999999962e+01 1.449310000000000098e+00
1.423492000000000068e+01 1.581311999999999962e+01 1.449310000000000098e+00
1.468112999999999957e+01 1.581311999999999962e+01 1.449310000000000098e+00
1.512734999999999985e+01 1.581311999999999962e+01 1.449310000000000098e+00
1.557357000000000014e+01 1.581311999999999962e+01 1.449310000000000098e+00
1.601979000000000042e+01 1.581311999999999962e+01 1.449310000000000098e+00
1.646601000000000070e+01 1.581311999999999962e+01 1.449310000000000098e+00
1.691223000000000098e+01 1.581311999999999962e+01 1.449310000000000098e+00
1.256259000000000015e+01 1.655405999999999977e+01 1.569080000000000030e+00
1.299352000000000018e+01 1.655405999999999977e+01 1.569080000000000030e+00
1.342444000000000059e+01 1.655405999999999977e+01 1.569080000000000030e+00
1.385535999999999923e+01 1.655405999999999977e+01 1.569080000000000030e+00
1.428627999999999965e+01 1.655405999999999977e+01 1.569080000000000030e+00
1.471720000000000006e+01 1.655405999999999977e+01 1.569080000000000030e+00
1.514812000000000047e+01 1.655405999999999977e+01 1.569080000000000030e+00
1.557904000000000089e+01 1.655405999999999977e+01 1.569080000000000030e+00
1.600996999999999915e+01 1.655405999999999977e+01 1.569080000000000030e+00
1.644088999999999956e+01 1.655405999999999977e+01 1.569080000000000030e+00
1.687180999999999997e+01 1.655405999999999977e+01 1.569080000000000030e+00
1.730273000000000039e+01 1.655405999999999977e+01 1.569080000000000030e+00
1.312135999999999925e+01 1.729501000000000133e+01 1.688849999999999962e+00
1.353698999999999941e+01 1.729501000000000133e+01 1.688849999999999962e+00
1.395260999999999996e+01 1.729501000000000133e+01 1.688849999999999962e+00
1.436824000000000012e+01 1.729501000000000133e+01 1.688849999999999962e+00
1.478386000000000067e+01 1.729501000000000133e+01 1.688849999999999962e+00
1.519949000000000083e+01 1.729501000000000133e+01 1.688849999999999962e+00
1.561510999999999960e+01 1.729501000000000133e+01 1.688849999999999962e+00
1.603074000000000154e+01 1.729501000000000133e+01 1.688849999999999962e+00
1.644635999999999854e+01 1.729501000000000133e+01 1.688849999999999962e+00
1.686198999999999870e+01 1.729501000000000133e+01 1.688849999999999962e+00
1.727760999999999925e+01 1.729501000000000133e+01 1.688849999999999962e+00
1.769323999999999941e+01 1.729501000000000133e+01 1.688849999999999962e+00
1.368013000000000012e+01 1.803595999999999933e+01 1.808619999999999894e+00
1.408046000000000042e+01 1.803595999999999933e+01 1.808619999999999894e+00
1.448079000000000072e+01 1.803595999999999933e+01 1.808619999999999894e+00
1.488111999999999924e+01 1.803595999999999933e+01 1.808619999999999894e+00
1.528143999999999991e+01 1.803595999999999933e+01 1.808619999999999894e+00
1.568177000000000021e+01 1.803595999999999933e+01 1.808619999999999894e+00
1.608210000000000051e+01 1.803595999999999933e+01 1.808619999999999894e+00
1.648243000000000080e+01 1.803595999999999933e+01 1.808619999999999894e+00
1.688276000000000110e+01 1.803595999999999933e+01 1.808619999999999894e+00
1.728308000000000177e+01 1.803595999999999933e+01 1.808619999999999894e+00
1.768340999999999852e+01 1.803595999999999933e+01 1.808619999999999894e+00
1.808373999999999882e+01 1.803595999999999933e+01 1.808619999999999894e+00
1.423889999999999922e+01 1.877691000000000088e+01 1.928390000000000049e+00
1.462392999999999965e+01 1.877691000000000088e+01 1.928390000000000049e+00
1.500896000000000008e+01 1.877691000000000088e+01 1.928390000000000049e+00
1.539400000000000013e+01 1.877691000000000088e+01 1.928390000000000049e+00
1.577903000000000056e+01 1.877691000000000088e+01 1.928390000000000049e+00
1.616405999999999921e+01 1.877691000000000088e+01 1.928390000000000049e+00
1.654908999999999963e+01 1.877691000000000088e+01 1.928390000000000049e+00
1.693412000000000006e+01 1.877691000000000088e+01 1.928390000000000049e+00
1.731915000000000049e+01 1.877691000000000088e+01 1.928390000000000049e+00
1.770419000000000054e+01 1.877691000000000088e+01 1.928390000000000049e+00
1.808922000000000097e+01 1.877691000000000088e+01 1.928390000000000049e+00
1.847425000000000139e+01 1.877691000000000088e+01 1.928390000000000049e+00
1.479767000000000010e+01 1.951784999999999926e+01 2.048169999999999824e+00
1.516740000000000066e+01 1.951784999999999926e+01 2.048169999999999824e+00
1.553714000000000084e+01 1.951784999999999926e+01 2.048169999999999824e+00
1.590687999999999924e+01 1.951784999999999926e+01 2.048169999999999824e+00
1.627661000000000158e+01 1.951784999999999926e+01 2.048169999999999824e+00
1.664635000000000176e+01 1.951784999999999926e+01 2.048169999999999824e+00
1.701607999999999876e+01 1.951784999999999926e+01 2.048169999999999824e+00
1.738580999999999932e+01 1.951784999999999926e+01 2.048169999999999824e+00
1.775554999999999950e+01 1.951784999999999926e+01 2.048169999999999824e+00
1.812528999999999968e+01 1.951784999999999926e+01 2.048169999999999824e+00
1.849502000000000024e+01 1.951784999999999926e+01 2.048169999999999824e+00
1.886475000000000080e+01 1.951784999999999926e+01 2.048169999999999824e+00
1.535643999999999920e+01 2.025880000000000081e+01 2.167940000000000200e+00
1.571087999999999951e+01 2.025880000000000081e+01 2.167940000000000200e+00
1.606531999999999982e+01 2.025880000000000081e+01 2.167940000000000200e+00
1.641975000000000051e+01 2.025880000000000081e+01 2.167940000000000200e+00
1.677419000000000082e+01 2.025880000000000081e+01 2.167940000000000200e+00
1.712863000000000113e+01 2.025880000000000081e+01 2.167940000000000200e+00
1.748307000000000144e+01 2.025880000000000081e+01 2.167940000000000200e+00
1.783751000000000175e+01 2.025880000000000081e+01 2.167940000000000200e+00
1.819193999999999889e+01 2.025880000000000081e+01 2.167940000000000200e+00
1.854637999999999920e+01 2.025880000000000081e+01 2.167940000000000200e+00
1.890081999999999951e+01 2.025880000000000081e+01 2.167940000000000200e+00
1.925525999999999982e+01 2.025880000000000081e+01 2.167940000000000200e+00
1.591521000000000008e+01 2.099974999999999881e+01 2.287710000000000132e+00
1.625434999999999874e+01 2.099974999999999881e+01 2.287710000000000132e+00
1.659348999999999918e+01 2.099974999999999881e+01 2.287710000000000132e+00
1.693262999999999963e+01 2.099974999999999881e+01 2.287710000000000132e+00
1.727177000000000007e+01 2.099974999999999881e+01 2.287710000000000132e+00
1.761092000000000013e+01 2.099974999999999881e+01 2.287710000000000132e+00
1.795006000000000057e+01 2.099974999999999881e+01 2.287710000000000132e+00
1.828920000000000101e+01 2.099974999999999881e+01 2.287710000000000132e+00
1.862834000000000145e+01 2.099974999999999881e+01 2.287710000000000132e+00
1.896747999999999834e+01 2.099974999999999881e+01 2.287710000000000132e+00
1.930662999999999840e+01 2.099974999999999881e+01 2.287710000000000132e+00
1.964576999999999884e+01 2.099974999999999881e+01 2.287710000000000132e+00
1.647398000000000096e+01 2.174070000000000036e+01 2.407480000000000064e+00
1.679782000000000153e+01 2.174070000000000036e+01 2.407480000000000064e+00
1.712167000000000172e+01 2.174070000000000036e+01 2.407480000000000064e+00
1.744550999999999874e+01 2.174070000000000036e+01 2.407480000000000064e+00
1.776935999999999893e+01 2.174070000000000036e+01 2.407480000000000064e+00
1.809319999999999951e+01 2.174070000000000036e+01 2.407480000000000064e+00
1.841704999999999970e+01 2.174070000000000036e+01 2.407480000000000064e+00
1.874089000000000027e+01 2.174070000000000036e+01 2.407480000000000064e+00
1.906474000000000046e+01 2.174070000000000036e+01 2.407480000000000064e+00
1.938858000000000104e+01 2.174070000000000036e+01 2.407480000000000064e+00
1.971243000000000123e+01 2.174070000000000036e+01 2.407480000000000064e+00
2.003626999999999825e+01 2.174070000000000036e+01 2.407480000000000064e+00
1.703275000000000006e+01 2.248163999999999874e+01 2.527249999999999996e+00
1.734130000000000038e+01 2.248163999999999874e+01 2.527249999999999996e+00
1.764984000000000108e+01 2.248163999999999874e+01 2.527249999999999996e+00
1.795839000000000141e+01 2.248163999999999874e+01 2.527249999999999996e+00
1.826694000000000173e+01 2.248163999999999874e+01 2.527249999999999996e+00
1.857548999999999850e+01 2.248163999999999874e+01 2.527249999999999996e+00
1.888403999999999883e+01 2.248163999999999874e+01 2.527249999999999996e+00
1.919257999999999953e+01 2.248163999999999874e+01 2.527249999999999996e+00
1.950112999999999985e+01 2.248163999999999874e+01 2.527249999999999996e+00
1.980968000000000018e+01 2.248163999999999874e+01 2.527249999999999996e+00
2.011823000000000050e+01 2.248163999999999874e+01 2.527249999999999996e+00
2.042678000000000083e+01 2.248163999999999874e+01 2.527249999999999996e+00
1.759151999999999916e+01 2.322259000000000029e+01 2.647029999999999994e+00
1.788476999999999961e+01 2.322259000000000029e+01 2.647029999999999994e+00
1.817802000000000007e+01 2.322259000000000029e+01 2.647029999999999994e+00
1.847127000000000052e+01 2.322259000000000029e+01 2.647029999999999994e+00
1.876452000000000098e+01 2.322259000000000029e+01 2.647029999999999994e+00
1.905778000000000105e+01 2.322259000000000029e+01 2.647029999999999994e+00
1.935103000000000151e+01 2.322259000000000029e+01 2.647029999999999994e+00
1.964427999999999841e+01 2.322259000000000029e+01 2.647029999999999994e+00
1.993752999999999886e+01 2.322259000000000029e+01 2.647029999999999994e+00
2.023077999999999932e+01 2.322259000000000029e+01 2.647029999999999994e+00
2.052402999999999977e+01 2.322259000000000029e+01 2.647029999999999994e+00
2.081728999999999985e+01 2.322259000000000029e+01 2.647029999999999994e+00
1.815028999999999826e+01 2.396353999999999829e+01 2.766799999999999926e+00
1.842823999999999884e+01 2.396353999999999829e+01 2.766799999999999926e+00
1.870619999999999905e+01 2.396353999999999829e+01 2.766799999999999926e+00
1.898414999999999964e+01 2.396353999999999829e+01 2.766799999999999926e+00
1.926210999999999984e+01 2.396353999999999829e+01 2.766799999999999926e+00
1.954006000000000043e+01 2.396353999999999829e+01 2.766799999999999926e+00
1.981802000000000064e+01 2.396353999999999829e+01 2.766799999999999926e+00
2.009597000000000122e+01 2.396353999999999829e+01 2.766799999999999926e+00
2.037393000000000143e+01 2.396353999999999829e+01 2.766799999999999926e+00
2.065187999999999846e+01 2.396353999999999829e+01 2.766799999999999926e+00
2.092983999999999867e+01 2.396353999999999829e+01 2.766799999999999926e+00
2.120778999999999925e+01 2.396353999999999829e+01 2.766799999999999926e+00
1.870906000000000091e+01 2.470448999999999984e+01 2.886569999999999858e+00
1.897171000000000163e+01 2.470448999999999984e+01 2.886569999999999858e+00
1.923436999999999841e+01 2.470448999999999984e+01 2.886569999999999858e+00
1.949702999999999875e+01 2.470448999999999984e+01 2.886569999999999858e+00
1.975968999999999909e+01 2.470448999999999984e+01 2.886569999999999858e+00
2.002234999999999943e+01 2.470448999999999984e+01 2.886569999999999858e+00
2.028500999999999976e+01 2.470448999999999984e+01 2.886569999999999858e+00
2.054766000000000048e+01 2.470448999999999984e+01 2.886569999999999858e+00
2.081032000000000082e+01 2.470448999999999984e+01 2.886569999999999858e+00
2.107298000000000116e+01 2.470448999999999984e+01 2.886569999999999858e+00
2.133564000000000149e+01 2.470448999999999984e+01 2.886569999999999858e+00
2.159829999999999828e+01 2.470448999999999984e+01 2.886569999999999858e+00
1.926783000000000001e+01 2.544544000000000139e+01 3.006339999999999790e+00
1.951519000000000048e+01 2.544544000000000139e+01 3.006339999999999790e+00
1.976255000000000095e+01 2.544544000000000139e+01 3.006339999999999790e+00
2.000991000000000142e+01 2.544544000000000139e+01 3.006339999999999790e+00
2.025726999999999833e+01 2.544544000000000139e+01 3.006339999999999790e+00
2.050462999999999880e+01 2.544544000000000139e+01 3.006339999999999790e+00
2.075199999999999889e+01 2.544544000000000139e+01 3.006339999999999790e+00
2.099935999999999936e+01 2.544544000000000139e+01 3.006339999999999790e+00
2.124671999999999983e+01 2.544544000000000139e+01 3.006339999999999790e+00
2.149408000000000030e+01 2.544544000000000139e+01 3.006339999999999790e+00
2.174144000000000077e+01 2.544544000000000139e+01 3.006339999999999790e+00
2.198880000000000123e+01 2.544544000000000139e+01 3.006339999999999790e+00
1.982659999999999911e+01 2.618637999999999977e+01 3.126110000000000166e+00
2.005865999999999971e+01 2.618637999999999977e+01 3.126110000000000166e+00
2.029072000000000031e+01 2.618637999999999977e+01 3.126110000000000166e+00
2.052279000000000053e+01 2.618637999999999977e+01 3.126110000000000166e+00
2.075485000000000113e+01 2.618637999999999977e+01 3.126110000000000166e+00
2.098692000000000135e+01 2.618637999999999977e+01 3.126110000000000166e+00
2.121897999999999840e+01 2.618637999999999977e+01 3.126110000000000166e+00
2.145104999999999862e+01 2.618637999999999977e+01 3.126110000000000166e+00
2.168310999999999922e+01 2.618637999999999977e+01 3.126110000000000166e+00
2.191517999999999944e+01 2.618637999999999977e+01 3.126110000000000166e+00
2.214724000000000004e+01 2.618637999999999977e+01 3.126110000000000166e+00
2.237931000000000026e+01 2.618637999999999977e+01 3.126110000000000166e+00
