1.211473957560442614e+04
7.180019234975356994e+03
5.698319453784117286e+03
4.793515650352013836e+03
4.121673000808951656e+03
3.573944640621838062e+03
3.100274684426186923e+03
2.671647429324830227e+03
2.267174607525304509e+03
1.867259225971406977e+03
1.445088344551357295e+03
9.398201359860155435e+02
1.333532198824643638e+04
7.135886973773801401e+03
5.481898658671485464e+03
4.559582099663228291e+03
3.903201491243312375e+03
3.378067708340969602e+03
2.927492668952516397e+03
2.520568917515219709e+03
2.136203214213755928e+03
1.754986848801385804e+03
1.351139194837157447e+03
8.684116128135393637e+02
1.397648721151841164e+04
7.180913793071213149e+03
5.373396625865226270e+03
4.404967997692280733e+03
3.739860919895961160e+03
3.220666952476121878e+03
2.781940292421949380e+03
2.389265474357066978e+03
2.020216026991131457e+03
1.655256942313371837e+03
1.269775520700108927e+03
8.125717050545213169e+02
1.427100713009175524e+04
7.187715228276504604e+03
5.289041485262500828e+03
4.285289211492410686e+03
3.609453305752595043e+03
3.091369479764751304e+03
2.659879108503636417e+03
2.277622794527384485e+03
1.921028025952823327e+03
1.570418338209504100e+03
1.202074930079829528e+03
7.680450548857304511e+02
1.434059411535222353e+04
7.140030006124995452e+03
5.198642738246313456e+03
4.176592752320240834e+03
3.495421366336521260e+03
2.979449500431796878e+03
2.554278789180420517e+03
2.181180424683652745e+03
1.835680403966826816e+03
1.498056325696635668e+03
1.145331266867608292e+03
7.314212006019159844e+02
1.424985256101266714e+04
7.041408147882696539e+03
5.092547764144445864e+03
4.067750961301767802e+03
3.388378668145197935e+03
2.877477231012856919e+03
2.459761820870592146e+03
2.095812378108144003e+03
1.760866618445016911e+03
1.435339259100163872e+03
1.096713462226585307e+03
7.003297932025309365e+02
1.403737474732650844e+04
6.898867111363133517e+03
4.968618464620438317e+03
3.954038827608661450e+03
3.283260122454289558e+03
2.781011285857468010e+03
2.372363639974557373e+03
2.018242117936461000e+03
1.693889234627645692e+03
1.379916598090162324e+03
1.054191613196630442e+03
6.734632517331651798e+02
1.372923610702899350e+04
6.719678125468833969e+03
4.828256192716587066e+03
3.834203447157289247e+03
3.177746000510872818e+03
2.687324629362847190e+03
2.289632469575260529e+03
1.946140954890091507e+03
1.632631136064940165e+03
1.330015051213323204e+03
1.016543914908359056e+03
6.499093846840313518e+02
1.334587463524872874e+04
6.512245888071493027e+03
4.675206933517170910e+03
3.709160532668863652e+03
3.071058037990883804e+03
2.594867002278611835e+03
2.209663048999178955e+03
1.877815048707775759e+03
1.575681542560112575e+03
1.284501189363243839e+03
9.829099185101744069e+02
6.293725064350193179e+02
1.290987377661468781e+04
6.289420403314021314e+03
4.514863235903118039e+03
3.579245700535543619e+03
2.961732976532138309e+03
2.501984993009376467e+03
2.130776868737748828e+03
1.811693431820483283e+03
1.521762735063859054e+03
1.242596919391287884e+03
9.531812887152403846e+02
6.123620631976382356e+02
1.249625849475783616e+04
6.062118567003069984e+03
4.334866080008762765e+03
3.434549992146326531e+03
2.843414148622711764e+03
2.404063020285788753e+03
2.049654736416893229e+03
1.745304671057012456e+03
1.469008675524309410e+03
1.203202462622637540e+03
9.275895227031177228e+02
6.011865189747430804e+02
1.217806463938106026e+04
5.916642428192753869e+03
4.254818310153482344e+03
3.379908801270676577e+03
2.800919326956362966e+03
2.368273803197359939e+03
2.018282623976974264e+03
1.716921515321883135e+03
1.442926248835257638e+03
1.178959617744405705e+03
9.046078353849798077e+02
5.799422113974029571e+02
1.185994019656558339e+04
5.749388769416058494e+03
4.130627914103547482e+03
3.277286178783680953e+03
2.711767916999002864e+03
2.288567061890650621e+03
1.945551631960722943e+03
1.649850292092216932e+03
1.380783643160169959e+03
1.121658111267787262e+03
8.540451162424836866e+02
5.432445325684495856e+02
1.154650215272897003e+04
5.584960875558609587e+03
4.007359772698849611e+03
3.175293799839705571e+03
2.623459902243242595e+03
2.210440654931699100e+03
1.875504648405421904e+03
1.586961959211210342e+03
1.324675330514968437e+03
1.073302090443100042e+03
8.155817331378092376e+02
5.185001164425185607e+02
1.123295457671896474e+04
5.424183154697746431e+03
3.886293070325110875e+03
3.075639689319640638e+03
2.538104822790229719e+03
2.135481628002818525e+03
1.809364489560310403e+03
1.528638526947147511e+03
1.274339408008756436e+03
1.031389748451198784e+03
7.832483958635361887e+02
4.979339379387749318e+02
1.091944305863876252e+04
5.262223946082840484e+03
3.766496241755005030e+03
2.977758901570573926e+03
2.454656026872523398e+03
2.063203805449847550e+03
1.746326256673478383e+03
1.474081174202807006e+03
1.227889699846691656e+03
9.931911935809106353e+02
7.540424026786467948e+02
4.793345413314752932e+02
1.059812038914300865e+04
5.099560188038416527e+03
3.646956668612646808e+03
2.880691940731534487e+03
2.372717279173008592e+03
1.992817214128411933e+03
1.685496951565816289e+03
1.421833713052544454e+03
1.183735020352771016e+03
9.571382743736844532e+02
7.264696713438438564e+02
4.617569851370786296e+02
1.027138249710925629e+04
4.936141296208204949e+03
3.527160284495214455e+03
2.784163966533998519e+03
2.291666371259572315e+03
1.923538872094139379e+03
1.626065202865357378e+03
1.370987508772530873e+03
1.140961517183262458e+03
9.222818197787598820e+02
6.998576449150904182e+02
4.447304999477901788e+02
9.940459416829517068e+03
4.770607963539932825e+03
3.406848796959927313e+03
2.687680930896335667e+03
2.211054868098790848e+03
1.854968564134788267e+03
1.567333034695275046e+03
1.320997193118401583e+03
1.098927388237854075e+03
8.880420921277632260e+02
6.736789275660814837e+02
4.280544681724879297e+02
9.603718999064489253e+03
4.603255483612532771e+03
3.285610793012453996e+03
2.590716919129291455e+03
2.130326273529618447e+03
1.786459684701117794e+03
1.508877401581095455e+03
1.271234188856187302e+03
1.057179151935105210e+03
8.540374755726112426e+02
6.477558147686988832e+02
4.114911317985598771e+02
9.263062909049574955e+03
4.434218284967192631e+03
3.163311687623271155e+03
2.493184495813125068e+03
2.049299360353041266e+03
1.717793805322588241e+03
1.450336118115653790e+03
1.221436012134677412e+03
1.015435667560423440e+03
8.200533251548388307e+02
6.217815366278666716e+02
3.948772348136201913e+02
8.914876407224746799e+03
4.262634697764909106e+03
3.039450726997524725e+03
2.394585184737568397e+03
1.967458071750826321e+03
1.648555128679342715e+03
1.391361463950267535e+03
1.171365378152330777e+03
9.734799919695311701e+02
7.859153213283191235e+02
5.956988001660046166e+02
3.782112216177592927e+02
8.562334709836954062e+03
4.088668044746388205e+03
2.913981018322768250e+03
2.294799416956653658e+03
1.884745605499740122e+03
1.578650073190144440e+03
1.331801070141603304e+03
1.120804522884214293e+03
9.310910454256271578e+02
7.514134870591578874e+02
5.693826786986747948e+02
3.613969071689211887e+02
8.203825510508815569e+03
3.912068882186468727e+03
2.786958125351123726e+03
2.193777383673699660e+03
1.800971634528467575e+03
1.507799726615720601e+03
1.271545055059353899e+03
1.069608886711105470e+03
8.881976119638793534e+02
7.165166732793639994e+02
5.426984206283621006e+02
3.443309494558203596e+02
7.837842394164471443e+03
3.732579942245788970e+03
2.657774129540951435e+03
2.091098670992434108e+03
1.715908463273088046e+03
1.435978631344009727e+03
1.210350107113129752e+03
1.017675307210640995e+03
8.446441420053694173e+02
6.810329194617744406e+02
5.155891483457714912e+02
3.269973952625080642e+02
7.464829848331767607e+03
3.550147175219101882e+03
2.526423642369646586e+03
1.986778760764889512e+03
1.629386167274872150e+03
1.362841422865463301e+03
1.148028622469620359e+03
9.647249977760036472e+02
8.002526665099193224e+02
6.448403828206282924e+02
4.879129375911908255e+02
3.092784841743513766e+02
7.085808978684594877e+03
3.364135781928944652e+03
2.392564622970314758e+03
1.880449044395019655e+03
1.541232415628282524e+03
1.288210382084031608e+03
1.084459884087778164e+03
9.106401799731512483e+02
7.548137863998655348e+02
6.077928198727543077e+02
4.595215828773187354e+02
2.910758643671721302e+02
6.697580293329911001e+03
3.174430181145959068e+03
2.256275736973113453e+03
1.771865012427804686e+03
1.451097327923098646e+03
1.211880749648403025e+03
1.019289201741859415e+03
8.551337987301778867e+02
7.081425552496293676e+02
5.696622300108863328e+02
4.302710372680036812e+02
2.722924545187697163e+02
6.301106329439379806e+03
2.981061983876373233e+03
2.116719604949385484e+03
1.660703079019825964e+03
1.358571362951224046e+03
1.133354815563568081e+03
9.521520474210991551e+02
7.978042213180822273e+02
6.597981449348129672e+02
5.300718884095491603e+02
3.998281431431601618e+02
2.527251594158980197e+02
5.893171227807908508e+03
2.782332298947840627e+03
1.973345568642067065e+03
1.546069600329531795e+03
1.263050904525172200e+03
1.051963769073671529e+03
8.822942691111098839e+02
7.379532731950216657e+02
6.091657979928455688e+02
4.884816343133140322e+02
3.677412963163914128e+02
2.320099083761334953e+02
5.473140309716494812e+03
2.577313953321875033e+03
1.824941766104060434e+03
1.427036665081642923e+03
1.163335949856797697e+03
9.666383105545214676e+02
8.086954089530213423e+02
6.745901401316659758e+02
5.553028592547250355e+02
4.439449364751296798e+02
3.332808325290519065e+02
2.096819631866793259e+02
5.036463814906112020e+03
2.364433179608281080e+03
1.669801301837568190e+03
1.301654649411333821e+03
1.057479592326175407e+03
8.753374345815173001e+02
7.292751560280688636e+02
6.056803740466924637e+02
4.962867455589839096e+02
3.949239517998672113e+02
2.951155131495101500e+02
1.848740546024782248e+02
4.576936910841868666e+03
2.138973993512254765e+03
1.503561143246380880e+03
1.165820183312332574e+03
9.412771353297424639e+02
7.740083582328127250e+02
6.401229191717621916e+02
5.275757043066338383e+02
4.289133555427107467e+02
3.386561865934859838e+02
2.511425533807462500e+02
1.562749103385125409e+02
4.079526098880959580e+03
1.891703142885817670e+03
1.317984188836280282e+03
1.010832130232143413e+03
8.062609699860806813e+02
6.541087964601111935e+02
5.335345799240734550e+02
4.335904515217384869e+02
3.476739392839354537e+02
2.709544806517504867e+02
1.985804189066234926e+02
1.223039376270026537e+02
3.509000978315944849e+03
1.599105308238047428e+03
1.089146894764682656e+03
8.132000161250305155e+02
6.301823361230785849e+02
4.968076803613173524e+02
3.943432069595949656e+02
3.127371471041712425e+02
2.455333251735728197e+02
1.879641037857884953e+02
1.357386092970083382e+02
8.263904795485946408e+01
2.732572037169918076e+03
1.164097270041216916e+03
7.267687006925592641e+02
4.996150419147438129e+02
3.624058824199722153e+02
2.722750082938222249e+02
2.090380240278944655e+02
1.620715635651364153e+02
1.253184445045972097e+02
9.495798256260006553e+01
6.812000515530975520e+01
4.135657768526193223e+01
