7.375159660969617947e-01
-2.557370526176792024e-03
-3.584154762772531061e-02
3.665834413117082247e-01
-5.788537892705577712e-03
3.168168587306843809e-01
-8.633590341491362286e-02
3.382857838837486364e-01
-9.760137580491080878e-02
2.817091349010204526e-01
2.342331241152583593e-02
1.223520923644778186e-01
-7.637285553950869110e-02
3.034654841088486599e-01
-6.404881902470282995e-02
4.506423665090432129e-01
-2.355612671463994459e-02
4.082720136472535732e-01
-1.100105754720644979e-01
4.485908535890015814e-01
3.726781598964414022e-02
4.033320243752586132e-01
-4.250580628557185103e-02
4.679154852532726450e-01
-1.538432237321172291e-01
6.586916557304578479e-01
-1.348416046988829831e-01
3.641667491231385112e-01
-1.211086319636824338e-01
8.433473411919527596e-01
-1.182954461617859443e-01
8.332772531028570517e-01
-1.818022160222087791e-01
2.193838978960888919e-01
-1.817049848994969630e-01
3.222323551574529099e-01
1.091255667047215994e+00
-1.073304064122814871e+00
1.045747739278050092e+00
-9.531150218474929714e-01
9.576119766092103802e-01
-9.719933352277894123e-01
9.740253932363465150e-01
-9.989934660518970944e-01
9.969955081504433547e-01
-1.035195722017375974e+00
1.029631227071748922e+00
-9.156471257192720925e-01
1.050327287333221227e+00
-7.882635400239328405e-01
9.052188843353250469e-01
-9.373924289022806944e-01
9.134104373441580549e-01
-9.696336729643653118e-01
9.375469679624155450e-01
-7.749955489517144080e-01
1.016797385885236826e+00
-7.960223158180641523e-01
1.130861941071422461e+00
-5.960016983982312500e-01
1.131769769602645193e+00
-6.918629170260266470e-01
1.164239333535548759e+00
-6.419238875908743758e-01
1.604660369621111249e+00
-5.255827123478231666e-01
1.063944520894376966e+00
-3.135616271411333367e-01
5.558437560931613897e-01
-1.725158916306049894e-01
8.838440954447455145e-01
-6.116448889793160149e-01
7.005894121101808869e-01
-5.546060629629273597e-01
7.600359313168493225e-01
-8.261958461106605478e-01
9.471407774534066348e-01
-6.093340215386436887e-01
1.131872122031995609e+00
-4.964203435153914379e-01
9.152779698977236977e-01
-4.343938782530616383e-01
7.965875315734745055e-01
-3.752362682045556341e-01
5.967032791031181560e-01
-3.210730532921473035e-01
6.540134134554319578e-01
-2.084896942053709457e-01
6.962937805542565028e-01
-1.777524335614303619e-01
5.130641885654910750e-01
-1.441535769798814037e-01
8.112026547022950229e-01
-1.148810863434739787e-02
6.207779126827437377e-01
-1.252362605741607349e-01
7.031889392401566852e-01
-2.188125417787356586e-01
8.587008286057562501e-01
-2.108192049960329051e-01
6.826408491172410997e-01
-1.826347192640176420e-01
4.925273898799959471e-01
1.762680148243063460e-01
1.206480304758905442e+00
1.387202372563074437e+00
1.451885737023046463e+00
1.330574579916254718e+00
9.071978738243118290e-01
1.152767767031602775e+00
7.828438082336754977e-01
9.308277950036432102e-01
1.204138504852479308e+00
1.016799875515849605e+00
8.552573176589545190e-01
7.123690620923425199e-01
8.230129004873498744e-01
-1.466979823765861002e-01
-6.297957808131412483e-01
-2.806329664571872717e-01
4.181925610993550424e-01
-1.134241891207823788e-01
8.844569840501880220e-01
5.903029566433884989e-01
2.962074759322446127e-01
-3.190348915325030843e-01
-5.070119887960263805e-01
4.790058165871740048e-01
3.065633757945848345e-03
-6.914979160850010312e-03
-1.009099519415261326e-01
-9.838879778967983547e-02
-2.067937043403897113e-01
-1.902259294886206042e-01
-5.514448050460472039e-01
-5.286741703215426247e-01
-2.626269784170101595e-01
1.432324289128027728e-01
2.466473671745034180e-01
1.113533101557863780e+00
-4.641893968135272774e-01
1.306874955870430455e+00
-5.943557938668928564e-01
1.149828367092637027e+00
-5.870179980283327659e-01
9.940525687054369008e-01
-5.953303400441510851e-01
8.897623862885627455e-01
-5.746049220352359432e-01
8.947668097120291542e-01
-5.075617716235796273e-01
1.004458188724633105e+00
-5.506510734590072120e-01
7.302822331476889195e-01
-5.136829596924422647e-01
6.437822081454340761e-01
-4.762177274241464198e-01
7.830147386112977781e-01
-4.791665625160505537e-01
7.768271789291647522e-01
-4.644163548793708851e-01
1.016880186068515934e+00
-4.274289862064861167e-01
7.820982800584014294e-01
-3.321669563528600322e-01
4.921994984102167625e-01
-1.067313408387852644e-02
8.278838246693795977e-01
2.074147845327218576e-01
9.872504941756932162e-01
-2.455322825897030270e-01
5.142553692364003615e-01
-1.315467814340410824e-01
8.598818820343121505e-01
-5.349032472634063229e-01
7.324400080588973072e-01
-4.856501356152041482e-01
4.369832951523150433e-01
-4.381008676410880764e-01
5.903938811410425203e-01
-2.727659188835338533e-01
3.868042526039425777e-01
1.717409747967241773e-01
7.156727144937466978e-01
-2.570220079928798862e-01
5.724579587827078875e-01
-1.477563989590769677e-01
4.238253535466673383e-01
-1.571462773710835259e-01
5.025258004886987706e-01
-7.249730382503895287e-02
6.302374494965763407e-01
-1.283088564113441521e-01
4.426641631677392108e-01
-8.655661902695681309e-02
8.648124609961714837e-01
-8.303269803592749909e-02
4.878176145912566652e-01
-6.800767789289688392e-03
4.543388963321646767e-01
1.642762116761194505e-02
6.340048528932986649e-01
5.297729778566023437e-03
4.915497989060740869e-01
6.179170591616003905e-03
8.156307233042821014e-01
-1.471537664611385077e-01
4.017279254669284261e-01
3.464985020126246096e-01
2.184934638468583046e-01
1.593585582968999881e-01
1.394809307333627069e-01
2.146995069009171309e-01
-2.934225495417424820e-02
3.174618647966534479e-01
-5.364600388843790424e-02
2.493632489078790593e-01
-1.186849554786357647e-01
2.799715150238414330e-01
-5.283189519688214625e-02
3.078019036243780371e-01
4.295297029224083574e-02
3.585931959301684735e-01
1.377334844965409644e-01
2.672801637506415640e-01
1.937729607126959241e-01
1.575393629244815630e-01
3.224445552175976282e-01
1.235205992889155807e-01
2.167276849949340695e-02
4.075683179125416111e-01
4.947810901998473954e-01
7.220485850881897504e-03
2.318099396388972055e-01
-2.912468779150571146e-02
2.686677191786026597e-01
4.050813054959739312e-01
6.925984016355464234e-01
-1.735641712533431483e-02
1.317574267380166586e-01
-8.383580789253457233e-02
1.564593074455506716e-01
-1.883554793830515689e-02
-5.331250209138397624e-03
9.227462192680169206e-01
1.896546065730237429e-01
-1.113435636370870979e-01
-1.143369766026472029e-01
3.556730140176996291e-01
4.505115472396731824e-01
-1.146810595841936120e-01
-5.946320505764443598e-02
2.728941263619648616e-01
3.454159772918239946e-01
-1.061040924520819245e-01
2.432386855652522717e-03
1.933704099345302796e-01
3.085917956292838493e-01
-1.055320237197409500e-01
8.041624099653908730e-02
2.860728943770892707e-01
1.522986868890090911e-02
9.499055814426520319e-03
3.903212802664849379e-01
-3.728278127679538617e-02
-3.133670076387806702e-02
7.623362737665966005e-02
3.604212342123657153e-01
-4.428428000056810337e-02
-6.135061720092715304e-02
3.756999837291338795e-01
3.873606156021555669e-01
-7.101815988049846318e-02
-8.465251498170035804e-02
3.933565048145559184e-01
4.346673323379018905e-01
-7.790787278600384835e-02
-8.593601717218303515e-02
3.387287986599580858e-01
5.427289490019223672e-01
-5.943911751918504183e-02
-8.015010973658703852e-02
3.231300649593231711e-01
6.413940081085021117e-01
-8.458586857814889837e-02
-8.156580546903051399e-02
2.464484701860573113e-01
2.227118720854009970e-01
5.920524601550768429e-01
-5.604359911444169867e-02
4.192050578420516982e-01
2.355232632293442485e-01
5.775953433545198967e-01
-9.955302944745940408e-02
1.714944537167247818e-01
2.767481503291260303e-01
7.854603872561256583e-01
-8.136454791373604056e-02
5.062155220911314368e-02
3.188299323201472246e-01
1.374545956425293536e+00
-6.555771320626889442e-02
9.696908327304042119e-02
2.136326063698245348e-01
1.131371413913319079e+00
-1.090312100090094077e-01
-3.255732683081435930e-02
4.638735355658259452e-01
3.811217913663441648e-01
-2.759880211609007719e-02
1.114439500008722883e-01
1.177109653705854742e+00
-1.130024833651434024e+00
6.223363967382986583e-01
-4.392882592964317268e-01
