0.000000000000000000e+00
5.454077337113655971e-02
7.686360876837038392e-01
0.000000000000000000e+00
1.111035249046418288e-01
0.000000000000000000e+00
1.657671977819907383e+00
0.000000000000000000e+00
1.017940472929114382e+00
0.000000000000000000e+00
0.000000000000000000e+00
0.000000000000000000e+00
1.965073633417375731e+00
0.000000000000000000e+00
1.413450954736907850e+00
0.000000000000000000e+00
1.760829444959919776e+00
0.000000000000000000e+00
1.714820134770645987e+00
0.000000000000000000e+00
0.000000000000000000e+00
0.000000000000000000e+00
5.798294241900620039e-01
0.000000000000000000e+00
5.452077181205239320e-01
0.000000000000000000e+00
4.621346107504442635e-01
0.000000000000000000e+00
4.168514405940451639e-01
0.000000000000000000e+00
4.555392746966270834e-01
0.000000000000000000e+00
1.276080081569837654e+00
0.000000000000000000e+00
6.558090569461267894e-01
0.000000000000000000e+00
0.000000000000000000e+00
3.319885011737788716e-01
0.000000000000000000e+00
2.948122334458087579e-01
0.000000000000000000e+00
3.340573606095940673e-01
0.000000000000000000e+00
3.862536013238456745e-01
0.000000000000000000e+00
4.574303770910770339e-01
0.000000000000000000e+00
4.046038187372583694e-01
0.000000000000000000e+00
3.483164397719981653e-01
0.000000000000000000e+00
5.798981255833678405e-01
0.000000000000000000e+00
7.498036991723393552e-01
0.000000000000000000e+00
5.992938075927844999e-01
0.000000000000000000e+00
8.207367292974938611e-01
0.000000000000000000e+00
6.145069738752718669e-01
0.000000000000000000e+00
1.126331768314156490e+00
0.000000000000000000e+00
1.167978594612012033e+00
0.000000000000000000e+00
1.250542030413231531e+00
0.000000000000000000e+00
1.616484482778202114e+00
0.000000000000000000e+00
1.778723429752426366e+00
0.000000000000000000e+00
2.646378322590455801e-01
0.000000000000000000e+00
2.799527061674697004e-01
0.000000000000000000e+00
8.340894446543214436e-01
0.000000000000000000e+00
6.151556977739875975e-01
0.000000000000000000e+00
5.011629316575114679e-01
0.000000000000000000e+00
1.012025943125833605e+00
0.000000000000000000e+00
1.262737788241929060e+00
0.000000000000000000e+00
1.944842664287520284e+00
0.000000000000000000e+00
7.893061448079040643e-01
0.000000000000000000e+00
1.076705318456688598e+00
0.000000000000000000e+00
1.091481313426796440e+00
0.000000000000000000e+00
1.159786112232727567e-01
0.000000000000000000e+00
7.585974682703362504e-01
0.000000000000000000e+00
1.325418674109544614e+00
0.000000000000000000e+00
1.596249592278889740e+00
0.000000000000000000e+00
1.843796410430494248e+00
0.000000000000000000e+00
0.000000000000000000e+00
0.000000000000000000e+00
0.000000000000000000e+00
0.000000000000000000e+00
0.000000000000000000e+00
0.000000000000000000e+00
0.000000000000000000e+00
0.000000000000000000e+00
0.000000000000000000e+00
0.000000000000000000e+00
0.000000000000000000e+00
0.000000000000000000e+00
0.000000000000000000e+00
0.000000000000000000e+00
1.737441349752586461e-01
5.350818715912196710e-01
1.600519840823409756e-01
0.000000000000000000e+00
4.041938469165226588e-01
0.000000000000000000e+00
0.000000000000000000e+00
0.000000000000000000e+00
2.877688169216357505e-01
8.006770338939673826e-01
0.000000000000000000e+00
0.000000000000000000e+00
6.877492851358301372e-03
8.371511000622504362e-02
6.686217532660072849e-02
5.629971778425915119e-01
4.036378127350150335e-01
8.801175928517304126e-01
6.052847334120918799e-01
2.018432889567796928e-01
0.000000000000000000e+00
0.000000000000000000e+00
0.000000000000000000e+00
1.358629044695700783e+00
0.000000000000000000e+00
1.396668526610987726e+00
0.000000000000000000e+00
1.429948173892453989e+00
0.000000000000000000e+00
1.510466073973862011e+00
0.000000000000000000e+00
1.424867585599536746e+00
0.000000000000000000e+00
1.086467131504058603e+00
0.000000000000000000e+00
1.308297699503002232e+00
0.000000000000000000e+00
1.196647555603128188e+00
0.000000000000000000e+00
1.089051078480048007e+00
0.000000000000000000e+00
1.154061687445569806e+00
0.000000000000000000e+00
1.185675566590020047e+00
0.000000000000000000e+00
1.075676218078205570e+00
0.000000000000000000e+00
1.072829592988624681e+00
0.000000000000000000e+00
1.704249023045931455e-01
0.000000000000000000e+00
0.000000000000000000e+00
0.000000000000000000e+00
1.540786001131885907e+00
0.000000000000000000e+00
1.367222059537434031e+00
0.000000000000000000e+00
8.840250966570811775e-01
0.000000000000000000e+00
8.377036049122144057e-01
0.000000000000000000e+00
8.377486832775488113e-01
0.000000000000000000e+00
5.499202053118773525e-01
0.000000000000000000e+00
0.000000000000000000e+00
0.000000000000000000e+00
6.811372848318957285e-01
0.000000000000000000e+00
5.187187763298561904e-01
0.000000000000000000e+00
5.483536464720817349e-01
0.000000000000000000e+00
3.234346643670305554e-01
0.000000000000000000e+00
4.982970241440121129e-01
0.000000000000000000e+00
5.353138430893195077e-01
0.000000000000000000e+00
3.195916350337856815e-01
0.000000000000000000e+00
3.477007704595146825e-02
0.000000000000000000e+00
0.000000000000000000e+00
0.000000000000000000e+00
0.000000000000000000e+00
0.000000000000000000e+00
0.000000000000000000e+00
0.000000000000000000e+00
1.489288803683469720e+00
0.000000000000000000e+00
0.000000000000000000e+00
0.000000000000000000e+00
0.000000000000000000e+00
0.000000000000000000e+00
0.000000000000000000e+00
3.575501550891242442e-01
0.000000000000000000e+00
6.819368371081305780e-01
0.000000000000000000e+00
1.452782953935312760e+00
0.000000000000000000e+00
1.869237126103022506e+00
0.000000000000000000e+00
0.000000000000000000e+00
0.000000000000000000e+00
0.000000000000000000e+00
0.000000000000000000e+00
0.000000000000000000e+00
0.000000000000000000e+00
0.000000000000000000e+00
0.000000000000000000e+00
0.000000000000000000e+00
0.000000000000000000e+00
0.000000000000000000e+00
0.000000000000000000e+00
0.000000000000000000e+00
2.363271806546949627e-01
0.000000000000000000e+00
0.000000000000000000e+00
0.000000000000000000e+00
6.781860980503026659e-02
0.000000000000000000e+00
2.985447013044619236e-01
0.000000000000000000e+00
6.897950837336297436e-02
1.094517323957321098e-01
0.000000000000000000e+00
0.000000000000000000e+00
1.445414296757631778e+00
1.714199740729043242e+00
0.000000000000000000e+00
0.000000000000000000e+00
1.643331427716141491e+00
1.105673087665261844e+00
0.000000000000000000e+00
0.000000000000000000e+00
1.482677599674641300e+00
0.000000000000000000e+00
0.000000000000000000e+00
0.000000000000000000e+00
1.728851960501191387e+00
0.000000000000000000e+00
0.000000000000000000e+00
0.000000000000000000e+00
0.000000000000000000e+00
0.000000000000000000e+00
2.461371379480832844e-01
2.757654575372519568e-01
0.000000000000000000e+00
0.000000000000000000e+00
3.060236247152456901e-01
2.736812667824168321e-01
0.000000000000000000e+00
0.000000000000000000e+00
4.346335633894654604e-01
5.309607081683895835e-01
0.000000000000000000e+00
0.000000000000000000e+00
4.466427316841806161e-01
5.043242070688429557e-01
0.000000000000000000e+00
0.000000000000000000e+00
3.419357592560439141e-01
4.669489762577169745e-01
0.000000000000000000e+00
0.000000000000000000e+00
3.973956778918352195e-01
3.930159711344577977e-01
0.000000000000000000e+00
0.000000000000000000e+00
0.000000000000000000e+00
2.679937431180831053e-01
0.000000000000000000e+00
0.000000000000000000e+00
0.000000000000000000e+00
5.198452160728412874e-01
0.000000000000000000e+00
0.000000000000000000e+00
0.000000000000000000e+00
4.946298370454276228e-01
0.000000000000000000e+00
0.000000000000000000e+00
0.000000000000000000e+00
4.484284607022606672e-01
0.000000000000000000e+00
0.000000000000000000e+00
0.000000000000000000e+00
1.149408704653304802e+00
6.017408478267363137e-01
0.000000000000000000e+00
0.000000000000000000e+00
5.184780260451261613e-01
0.000000000000000000e+00
0.000000000000000000e+00
9.777485218956963875e-01
0.000000000000000000e+00
1.076468936104835850e+00
