-7.330451715640031590e-03 2.212160508969513578e-02 5.085913225595472403e-02
-4.848113372520224118e-03 -1.170833503387237566e-02 5.572475611903669052e-02
-4.988396571535104809e-03 2.857612398265912262e-02 1.184584200961831674e-01
-1.106665210968827730e-02 -1.492260400828474866e-02 1.237664938835694034e-01
-6.064700523307764435e-03 3.679178208913364695e-02 2.144322024250710779e-01
-1.214193504835537132e-02 -2.060855197139985912e-02 2.196880395244238671e-01
-6.452064064185870571e-03 4.322622126124069097e-02 3.347750507272851395e-01
-1.497931992856348440e-02 -2.461409015096843733e-02 3.393170457332826961e-01
-7.512967495540919666e-03 4.984284945095018154e-02 4.811257683230192872e-01
-1.799177910444359207e-02 -2.823754376668765817e-02 4.840352489351029686e-01
-1.107899198515538593e-02 5.812449132537078622e-02 6.546229750763524757e-01
-2.406902606193663322e-02 -2.919615351190234936e-02 6.580820377005633937e-01
-1.132074504341877910e-02 6.346836732110605617e-02 8.596519829540929525e-01
-3.280708187742801402e-02 -2.643317838755515278e-02 8.618394102285625857e-01
-1.423129699867863550e-02 7.048220045180152160e-02 1.097324886428068469e+00
-4.296081767415974029e-02 -2.077835431273227992e-02 1.099733643744036149e+00
-1.889137442250865204e-02 7.703052383761214983e-02 1.365137470570684242e+00
-5.342097415843675978e-02 -1.560938604453869678e-02 1.368004897633674499e+00
-2.449315834866288774e-02 8.370864289052852569e-02 1.669060293304923004e+00
-6.510941044689368129e-02 -9.082603691448757482e-03 1.671271688471752892e+00
-3.256433247701558814e-02 9.177675666838187862e-02 2.013671686157718632e+00
-7.677020892322913848e-02 -8.494212681048023540e-05 2.015355182842520687e+00
-4.059834397663761307e-02 9.971432003578169223e-02 2.400264179650037022e+00
-8.962893090487983327e-02 1.048093146292133036e-02 2.401519343584327171e+00
-5.576341057325148037e-02 1.133341162419281289e-01 2.837014172471258533e+00
-1.039472313587395808e-01 2.492738801859098463e-02 2.838294376552432219e+00
-7.207486701443635568e-02 1.269282278559470123e-01 3.323197246180929820e+00
-1.176976310394862585e-01 3.900201109201726496e-02 3.322999342247296983e+00
-8.931987740935000419e-02 1.405556392221423700e-01 3.861495978647200733e+00
-1.336840676993168164e-01 5.629900032929013171e-02 3.860776368511558587e+00
-1.086449126425194089e-01 1.581040908289974289e-01 4.483576518345545381e+00
-1.482957706799732378e-01 7.515751808001641665e-02 4.483313801963781486e+00
-1.305644198299942271e-01 1.709643299619318102e-01 5.210288668934421885e+00
-1.596877793262829193e-01 9.534417238858830523e-02 5.210593827500890285e+00
-1.481383664346707929e-01 1.749870410587597569e-01 5.986527154730599598e+00
-1.732468084031153766e-01 1.194133186931082974e-01 5.986467804833234041e+00
0.000000000000000000e+00 0.000000000000000000e+00 0.000000000000000000e+00
0.000000000000000000e+00 0.000000000000000000e+00 0.000000000000000000e+00
-7.825715180240227706e-03 1.145998952692393880e-02 3.262125931171362681e-02
-5.193228760025719263e-04 -4.089621944259530691e-03 3.437823272598281021e-02
-7.286509673807211457e-03 1.636516123274806694e-02 9.628146469859237555e-02
-2.217240821296573815e-03 -6.655468223786383843e-03 9.739083131115067182e-02
-7.258665582789118262e-03 2.188683863574982305e-02 1.904155746662065385e-01
-5.517185870095659556e-03 -1.002671465413061853e-02 1.909404966841061202e-01
-7.297877263076100324e-03 2.871862136478545158e-02 3.257823594079816698e-01
-8.754746907707484579e-03 -1.118200282043109450e-02 3.252511775491566670e-01
-8.299121133098994949e-03 3.740534134231024432e-02 4.955985891028022450e-01
-1.579551417295128185e-02 -8.733129307467507249e-03 4.948087746442556001e-01
-1.062371576429218221e-02 4.487269309749455232e-02 7.208708739879932104e-01
-2.127194999469097722e-02 -5.967624178596584936e-03 7.215657237825391368e-01
-1.516428760552924679e-02 5.251764511615400477e-02 9.833541339197607867e-01
-2.925563127209187750e-02 -7.923834103037028171e-04 9.833582523841202239e-01
-2.153538928456417631e-02 5.948907273589600780e-02 1.279119635252981224e+00
-3.877331769607524764e-02 6.163448950368312015e-03 1.279111086597967573e+00
-2.949650938169830552e-02 6.768273589078417640e-02 1.608258484409598399e+00
-4.849915157084502132e-02 1.457083950860903025e-02 1.608144549659168643e+00
-3.783631149356696949e-02 7.623155305576091723e-02 1.976938716276740449e+00
-5.968383633333194244e-02 2.460366573332253837e-02 1.976838173619833938e+00
-4.773341090721326674e-02 8.409718852804319578e-02 2.375132379557042928e+00
-7.165081770100854841e-02 3.575024055733637407e-02 2.374943221849180830e+00
-6.442369661929288338e-02 9.809084038647979120e-02 2.821661290388868260e+00
-8.504816400980456936e-02 4.942874672652739637e-02 2.821507675589889796e+00
-8.064264422395495124e-02 1.101320598651391452e-01 3.300213097975663423e+00
-1.013090661960263511e-01 6.431385620922359936e-02 3.299826887852242763e+00
-9.754331201193330858e-02 1.229552299331506809e-01 3.832076343887911740e+00
-1.167392188591259566e-01 7.866952871822489868e-02 3.831762743794268733e+00
-1.175225401759226046e-01 1.383893939041033194e-01 4.449483734880207209e+00
-1.338196618199767318e-01 9.518595607077796894e-02 4.449356097141025757e+00
-1.371234414352648923e-01 1.517646369690645591e-01 5.152572768583891794e+00
-1.506530406655027521e-01 1.129030528532863897e-01 5.152627028702187140e+00
-1.538592692827602249e-01 1.614157875072770310e-01 5.957653682311556231e+00
-1.652211754801116428e-01 1.334601979288747298e-01 5.957720683425421271e+00
0.000000000000000000e+00 0.000000000000000000e+00 0.000000000000000000e+00
0.000000000000000000e+00 0.000000000000000000e+00 0.000000000000000000e+00
