-5.189642229511491678e+03
-3.509190578831538915e+03
-3.107639355970240103e+03
-2.860975122512554208e+03
-2.654940365636109618e+03
-2.457361489672511652e+03
-2.254420347764181770e+03
-2.037867299996146585e+03
-1.801308875434302763e+03
-1.535257988176431354e+03
-1.222184153403214850e+03
-8.132082546184401508e+02
-6.174526919903518319e+03
-3.670034278296222965e+03
-3.119181124631604234e+03
-2.821084056998657616e+03
-2.592191645493972828e+03
-2.383583357337226971e+03
-2.175770524998047676e+03
-1.958412222848073952e+03
-1.723752756666033974e+03
-1.462047792686742469e+03
-1.155797302923741427e+03
-7.590637139125810791e+02
-7.009378373816591193e+03
-3.915715841174032903e+03
-3.210661035207835084e+03
-2.843197653173849176e+03
-2.577413820832436159e+03
-2.347246553920059341e+03
-2.127036606374940675e+03
-1.903379894433463278e+03
-1.666510585639278588e+03
-1.406471360625129591e+03
-1.106028397409223544e+03
-7.222886279479902214e+02
-7.771367085470084021e+03
-4.185049637996221463e+03
-3.341264389175813903e+03
-2.903998413625199191e+03
-2.597083726786093393e+03
-2.341325184056939179e+03
-2.104768266313527874e+03
-1.871292692518261219e+03
-1.629740546455298045e+03
-1.369056755450261790e+03
-1.072255867889251704e+03
-6.985128370143922893e+02
-8.497416214390399546e+03
-4.464148006640746644e+03
-3.493342947039114733e+03
-2.989118145465574344e+03
-2.640596831514287715e+03
-2.357467447665423151e+03
-2.102792390158422677e+03
-1.857661019747451746e+03
-1.609701890196916565e+03
-1.346720290217446973e+03
-1.051572930025434061e+03
-6.836107719896435810e+02
-9.205618161335554760e+03
-4.748795592829658744e+03
-3.658300057086785273e+03
-3.089596219685858614e+03
-2.700073043383853474e+03
-2.389131933953209682e+03
-2.115449563125366240e+03
-1.858025550960563123e+03
-1.602464475725899774e+03
-1.335895136813136560e+03
-1.040534954434572910e+03
-6.755686740298683617e+02
-9.904157658424810506e+03
-5.036794818603942986e+03
-3.830685340574518250e+03
-3.199283951189788240e+03
-2.769224769861810728e+03
-2.430846754873432019e+03
-2.138471303914109740e+03
-1.868287230673030081e+03
-1.604744372661497437e+03
-1.333912375983388756e+03
-1.037001460964863782e+03
-6.723825467768118642e+02
-1.059499949502525851e+04
-5.324864622904712633e+03
-4.005166451453733316e+03
-3.312077545336730054e+03
-2.842700360645402270e+03
-2.477680751601850261e+03
-2.167266039640482177e+03
-1.884929721922485669e+03
-1.613754629054044244e+03
-1.338114393857067626e+03
-1.038783038188745195e+03
-6.731450138820950997e+02
-1.127419983068459987e+04
-5.607212449744345577e+03
-4.174969763355662508e+03
-3.421893967623948356e+03
-2.915132112509860690e+03
-2.525417228579880430e+03
-2.198421853737234414e+03
-1.905289124645964876e+03
-1.626879285011816137e+03
-1.347144385326526390e+03
-1.045325151455555897e+03
-6.775473728166857654e+02
-1.192670571267368359e+04
-5.871540116097277860e+03
-4.330372717102613933e+03
-3.521749314109223633e+03
-2.981361761503472280e+03
-2.570057467452355013e+03
-2.228958802647637640e+03
-1.926599100594419269e+03
-1.642699842884875807e+03
-1.359779548132951504e+03
-1.056021327568848619e+03
-6.859733295888231623e+02
-1.249886562278878409e+04
-6.099007667358136132e+03
-4.465725764387644631e+03
-3.608348809563650775e+03
-3.038972086474415846e+03
-2.609621235024390444e+03
-2.256973297178056782e+03
-1.947644621418782435e+03
-1.659776864491628658e+03
-1.375485927369828460e+03
-1.072118617952809473e+03
-7.019840055025252923e+02
-1.349040948401841342e+04
-6.519887687886827734e+03
-4.734597906774512921e+03
-3.803995473869621037e+03
-3.189769234855363720e+03
-2.729152001454481251e+03
-2.352900683294776627e+03
-2.024521747536249677e+03
-1.720484180158588742e+03
-1.421043304726454608e+03
-1.102217842027479946e+03
-7.142988314798759575e+02
-1.388984816429997227e+04
-6.697536785343301744e+03
-4.847415936193567177e+03
-3.881803347937315266e+03
-3.244173094510719238e+03
-2.766332371445619629e+03
-2.376216737160656976e+03
-2.036266102845758269e+03
-1.721907257855689068e+03
-1.413405240273292293e+03
-1.087460062802827679e+03
-6.988722965372580802e+02
-1.418765703219130592e+04
-6.834515177202973973e+03
-4.936562228711879470e+03
-3.944191220107050412e+03
-3.288437813746363190e+03
-2.796715747263760022e+03
-2.395750249783997788e+03
-2.046734209151489495e+03
-1.725366686125038086e+03
-1.411686194899373731e+03
-1.083251561991553444e+03
-6.953044248195755017e+02
-1.441633562916571827e+04
-6.939415669044293281e+03
-5.006119520799205930e+03
-3.993337155122540025e+03
-3.323477710889041191e+03
-2.821273440685624337e+03
-2.412193780360291839e+03
-2.056836709579564285e+03
-1.730599821809553760e+03
-1.413799165621062457e+03
-1.083555284416592258e+03
-6.949424828236913072e+02
-1.458714125960289857e+04
-7.021105106961616912e+03
-5.059822604986875376e+03
-4.031433897467400584e+03
-3.351003312980410556e+03
-2.840915005851198202e+03
-2.425617718078104190e+03
-2.065810717626104633e+03
-1.736036515385944540e+03
-1.416820718767134167e+03
-1.085169466638734093e+03
-6.955642992109247871e+02
-1.471951719376000619e+04
-7.083700686647183829e+03
-5.100916456089742496e+03
-4.060855171665929447e+03
-3.372306106547655418e+03
-2.856207750835761999e+03
-2.436421919544485263e+03
-2.073055851079485819e+03
-1.740806136658070727e+03
-1.419726395483070064e+03
-1.086678825829767902e+03
-6.961856794806192283e+02
-1.481718651261580453e+04
-7.129771066521676403e+03
-5.131444240924416590e+03
-4.082532205846098805e+03
-3.388021537080963753e+03
-2.867496935941657284e+03
-2.444341197125915642e+03
-2.078401433100436861e+03
-1.744153324002943464e+03
-1.421550593005330484e+03
-1.087495751181485048e+03
-6.964885292183791989e+02
-1.488395919768086605e+04
-7.163191073833044356e+03
-5.153295356593475844e+03
-4.097590387762569662e+03
-3.398687515024646018e+03
-2.874912768850255361e+03
-2.449325667164610422e+03
-2.081470754260326430e+03
-1.745808511680221272e+03
-1.422272174922223257e+03
-1.087468403550762787e+03
-6.961128413098281271e+02
-1.492495508588151642e+04
-7.184506791743559006e+03
-5.166710506542875009e+03
-4.106605857503550396e+03
-3.404478876828525699e+03
-2.878585456385125781e+03
-2.451258062549148235e+03
-2.082051353178940644e+03
-1.745596013409299985e+03
-1.421305468062727186e+03
-1.086305744719778659e+03
-6.950568437453791830e+02
-1.494139306462078821e+04
-7.195148364979612779e+03
-5.172918681142975402e+03
-4.110075658798061340e+03
-3.406008829489755044e+03
-2.878500167058592979e+03
-2.450144514914240972e+03
-2.080253013784154973e+03
-1.743222035932907602e+03
-1.418801337848556841e+03
-1.083852980429362333e+03
-6.931828532216756003e+02
-1.493812321667618926e+04
-7.196177632900091339e+03
-5.172292202659250506e+03
-4.108098214652323804e+03
-3.403046588328999405e+03
-2.874890332783456870e+03
-2.445982305067032485e+03
-2.075844796574909196e+03
-1.738692728508345908e+03
-1.414481850933226497e+03
-1.080151546206903049e+03
-6.905536008855410728e+02
-1.491265708743212599e+04
-7.187730640156471964e+03
-5.164953984593312271e+03
-4.100804515356874617e+03
-3.395693908985993403e+03
-2.867518706639149059e+03
-2.438664121421038544e+03
-2.068631396489198323e+03
-1.731862151655344860e+03
-1.408247955447813638e+03
-1.074861437403585796e+03
-6.867875029270747973e+02
-1.486823190736093966e+04
-7.171057251745613939e+03
-5.151328337837509025e+03
-4.088580245197327713e+03
-3.384190156846697391e+03
-2.856372655599642258e+03
-2.428025021476245911e+03
-2.058560411818709781e+03
-1.722505907679246320e+03
-1.399898263595449407e+03
-1.067888409459357945e+03
-6.819876331309232000e+02
-1.480502669057918501e+04
-7.145038795181022579e+03
-5.131071903994445165e+03
-4.070707991409669830e+03
-3.367726960040179620e+03
-2.841080423066116055e+03
-2.413687509917596799e+03
-2.045218252074480006e+03
-1.710357301331481722e+03
-1.389114262036843229e+03
-1.058967203718277233e+03
-6.758325027769270719e+02
-1.472198823791707400e+04
-7.109830267773578271e+03
-5.103961784183456984e+03
-4.047083776924137055e+03
-3.346276601312955790e+03
-2.821279923572843472e+03
-2.395271104949250002e+03
-2.028117663120126281e+03
-1.694799766010220083e+03
-1.375335131626543898e+03
-1.047642498775167041e+03
-6.681470592444926524e+02
-1.461648172413097927e+04
-7.064998328684517219e+03
-5.069095342296967829e+03
-4.017008943710157837e+03
-3.318966565847229504e+03
-2.795963840490796883e+03
-2.371796104408827432e+03
-2.006434604910451526e+03
-1.675079028658514517e+03
-1.358030239399765151e+03
-1.033410164573559086e+03
-6.583575755896149531e+02
-1.448773779128601745e+04
-7.008605074309148222e+03
-5.025402165167613020e+03
-3.979081004452175875e+03
-3.284573547649922148e+03
-2.764195325231763036e+03
-2.342127083344703806e+03
-1.978952084511653538e+03
-1.650092833599836013e+03
-1.335995537311792305e+03
-1.015328784777566398e+03
-6.460480560215938794e+02
-1.433146735667302346e+04
-6.938662677223652281e+03
-4.970935858265506795e+03
-3.931312300654501996e+03
-3.241040122055760548e+03
-2.723594821685565876e+03
-2.304210471478423642e+03
-1.943766224800657483e+03
-1.617857772788159309e+03
-1.307627240409573233e+03
-9.919242266493386069e+02
-6.300009309495054595e+02
-1.414247440921692578e+04
-6.851864277434350697e+03
-4.902037339050076298e+03
-3.870751088747671474e+03
-3.185126833175979300e+03
-2.671090974904683208e+03
-2.254813315522104858e+03
-1.897571952562751676e+03
-1.575425359544320827e+03
-1.269983171511103592e+03
-9.607905621676389956e+02
-6.087031196446456534e+02
-1.390815478285884637e+04
-6.741704482708350042e+03
-4.813898066239194122e+03
-3.791561190580491257e+03
-3.111147052802507005e+03
-2.601088753732508394e+03
-2.188251697527059150e+03
-1.834891166368157656e+03
-1.517593324603995597e+03
-1.218528670947994442e+03
-9.182529568272445886e+02
-5.795597135191884490e+02
-1.361385496736819186e+04
-6.597345339945343767e+03
-4.695343422823921173e+03
-3.683594016802701390e+03
-3.009030467054386463e+03
-2.503155764043776799e+03
-2.094350685501641692e+03
-1.745910380015001465e+03
-1.435198057688045083e+03
-1.145204153231830333e+03
-8.577680781423738381e+02
-5.382312445001014112e+02
-1.322788457939576983e+04
-6.398319340090334663e+03
-4.527991025546479250e+03
-3.527791471246048786e+03
-2.859072426124447702e+03
-2.357493783199740392e+03
-1.953971229641091895e+03
-1.612613751435727181e+03
-1.312055567748360545e+03
-1.036384206701192170e+03
-7.685780051098004151e+02
-4.779596363296180357e+02
-1.268694078703314153e+04
-6.101424906373884369e+03
-4.269187534463208067e+03
-3.280901949833050367e+03
-2.618111988352889966e+03
-2.122909602684252150e+03
-1.728569049211135507e+03
-1.401297891252473164e+03
-1.120419739584765694e+03
-8.704129834612864443e+02
-6.358705627681254100e+02
-3.902740060081072784e+02
-1.183611236683162861e+04
-5.591837353520363649e+03
-3.806263916870402682e+03
-2.831652799578590475e+03
-2.181912054717382489e+03
-1.707956224973447888e+03
-1.345113290332791621e+03
-1.058053665216458512e+03
-8.239614493192607370e+02
-6.259000168827377593e+02
-4.487127060020247313e+02
-2.713096419269364787e+02
-1.011364201933937329e+04
-4.423829634928466476e+03
-2.723960484436215211e+03
-1.840803793227534925e+03
-1.312235626846910236e+03
-9.693874385052414482e+02
-7.326577226288831071e+02
-5.600444133398156055e+02
-4.275101837801357192e+02
-3.201265888486195763e+02
-2.272159949304935367e+02
-1.365826214515371930e+02
